0.000 5.596 0.000 -0.172 -2.521 0.229
0.000 21.807 0.000 -1.146 0.286 1.089
0.000 47.780 0.000 -2.063 8.995 1.776
0.000 82.653 0.000 -2.521 28.591 1.891
0.000 125.599 0.000 -4.068 60.963 2.693
0.000 175.694 0.000 -2.521 106.685 1.776
0.000 232.085 0.000 -2.063 163.522 3.380
0.000 293.966 0.000 -4.641 228.324 2.464
0.000 360.452 0.000 -1.318 302.579 3.323
0.000 430.681 0.000 0.974 381.361 2.922
0.000 511.235 0.000 0.000 454.126 2.979
0.000 586.531 0.000 0.458 546.774 3.209
0.000 662.909 0.000 4.927 627.733 2.979
0.000 739.532 0.000 6.474 703.764 4.240
0.000 815.471 0.000 8.766 779.051 4.240
0.000 889.936 0.000 8.995 853.650 4.870
0.000 962.053 0.000 12.261 925.957 4.985
0.000 1030.947 0.000 17.246 998.379 6.131
0.000 1095.766 0.000 16.501 1070.973 4.756
0.000 1155.664 0.000 16.272 1136.748 5.844
0.000 1209.765 0.000 17.590 1197.539 6.933
0.000 1257.203 0.000 21.199 1253.402 8.079
0.000 1297.129 0.000 23.319 1297.749 7.735
0.000 1328.683 0.000 26.241 1335.278 9.740
0.000 1351.008 0.000 28.992 1364.155 9.855
0.000 1363.243 0.000 32.487 1382.719 13.694
0.000 1362.167 0.000 36.898 1392.402 11.631
0.000 1348.466 0.000 38.560 1389.365 16.444
0.000 1324.796 0.000 41.654 1377.677 15.069
0.000 1292.008 0.000 44.805 1348.513 18.220
0.000 1250.962 0.000 48.931 1307.375 18.392
0.000 1202.505 0.000 54.660 1255.064 20.798
0.000 1147.608 0.000 56.952 1195.133 22.116
0.000 1086.962 0.000 56.322 1132.967 21.772
0.000 1021.520 0.000 57.811 1063.983 25.382
0.000 952.109 0.000 62.395 999.181 25.038
0.000 879.693 0.000 62.223 932.661 26.757
0.000 804.967 0.000 63.312 862.301 28.361
0.000 728.857 0.000 63.827 788.505 27.846
0.000 652.237 0.000 59.645 717.687 28.247
0.000 575.958 0.000 53.285 655.120 27.215
0.000 500.873 0.000 50.191 591.006 27.617
0.000 427.876 0.000 46.066 525.918 27.788
0.000 357.777 0.000 39.133 458.137 28.190
0.000 291.455 0.000 38.274 392.132 29.049
0.000 229.759 0.000 38.675 327.904 28.762
0.000 173.584 0.000 29.335 271.296 32.258
0.000 123.753 0.000 13.636 213.713 30.481
0.000 81.125 0.000 7.907 135.103 30.825
0.000 46.589 0.000 3.323 40.852 30.768
0.000 20.981 0.000 4.297 -42.227 30.481
0.000 5.169 0.000 18.850 -99.294 29.335
-23.865 -40.901 278.826 21.887 -133.958 30.138
-25.197 -34.024 13.549 4.068 -164.267 32.945
-25.598 -24.546 5.256 -26.241 -190.165 31.513
-24.179 -12.764 2.895 -57.468 -213.599 26.757
-21.016 0.623 0.969 -85.543 -230.730 22.231
-16.166 14.363 1.239 -118.488 -249.466 17.017
-9.499 30.148 -1.740 -135.447 -255.310 7.105
-1.678 46.181 -1.769 -119.748 -240.299 -1.031
5.646 60.660 -1.805 -89.668 -205.233 -4.526
11.244 73.929 -0.815 -52.139 -169.767 -5.672
14.776 84.647 -0.424 -15.756 -119.576 -4.985
16.137 92.692 0.072 9.511 -57.697 -1.432
15.791 96.860 0.188 29.679 2.750 2.693
14.075 97.325 0.122 49.504 62.051 7.792
11.063 94.137 -0.992 67.895 117.686 11.287
6.870 87.220 -1.487 81.704 169.137 11.860
1.853 78.215 -1.680 82.964 210.046 10.256
-3.239 65.666 -2.412 75.802 233.194 6.990
-7.892 51.222 -2.687 63.369 237.205 3.896
-11.788 38.118 -1.882 45.607 229.699 2.865
-14.622 24.129 -1.496 31.341 216.463 2.979
-16.603 12.110 -0.406 11.402 197.269 3.094
-17.502 -0.505 0.511 -1.031 176.815 5.214
-17.584 -11.209 0.947 -9.912 158.079 7.735
-17.171 -20.126 1.565 -15.298 139.802 8.422
-16.370 -28.818 1.704 -21.543 119.233 11.115
-15.247 -36.755 1.780 -20.225 96.773 12.949
-14.015 -42.340 1.191 -25.267 76.261 13.235
-12.531 -47.171 0.957 -34.893 53.801 12.548
-10.404 -50.236 0.173 -44.519 29.966 13.751
-7.649 -52.369 -0.245 -53.228 5.901 14.954
-4.432 -53.203 -0.357 -59.416 -10.027 16.730
-0.701 -52.692 -1.821 -63.656 -23.205 17.418
3.260 -51.262 -2.512 -61.478 -33.403 17.189
7.114 -49.235 -2.736 -60.103 -39.076 16.902
10.913 -47.330 -3.891 -55.176 -39.419 16.616
14.440 -44.899 -4.325 -47.498 -38.445 16.100
17.478 -42.769 -5.184 -36.727 -38.961 15.355
19.902 -40.249 -5.968 -28.018 -39.018 14.610
21.786 -37.970 -6.520 -19.710 -38.331 13.121
23.189 -36.040 -7.078 -11.688 -36.727 11.058
24.119 -33.709 -7.517 -3.323 -33.518 9.740
24.515 -31.735 -8.002 3.610 -32.487 9.225
24.371 -29.823 -8.541 12.662 -30.367 8.079
23.765 -27.855 -8.883 21.028 -28.705 7.391
22.679 -26.224 -9.028 30.539 -28.591 5.214
21.055 -24.602 -8.940 38.789 -30.539 3.782
18.763 -22.628 -9.318 43.144 -34.091 3.266
16.391 -20.722 -9.051 45.378 -36.784 1.662
13.751 -18.493 -9.074 44.863 -36.841 1.948
11.098 -16.122 -9.230 43.487 -34.091 1.146
8.678 -14.107 -8.847 35.638 -32.888 1.089
6.427 -12.163 -9.078 27.215 -29.278 2.292
4.825 -10.285 -9.111 19.996 -25.038 1.432
3.774 -8.696 -8.759 12.777 -19.079 1.146
2.943 -7.526 -8.849 9.626 -12.319 1.031
2.359 -6.855 -8.708 10.084 -5.959 0.172
1.718 -6.401 -8.833 9.397 -1.375 -0.573
1.128 -6.220 -8.911 10.084 0.859 -1.318
0.647 -6.249 -8.649 11.115 2.120 -0.458
-0.026 -6.320 -8.549 15.183 2.979 0.286
-0.909 -6.489 -8.636 20.283 4.297 2.120
-2.042 -6.759 -8.681 25.153 4.813 4.870
-3.622 -7.001 -9.170 29.622 2.406 7.850
-5.174 -7.135 -9.295 29.565 -3.209 8.824
-7.036 -7.051 -9.901 28.304 -7.448 9.855
-9.069 -6.523 -10.765 24.981 -11.574 11.516
-10.434 -5.954 -11.163 19.079 -13.579 11.173
-11.663 -5.067 -11.944 11.746 -12.204 11.631
-12.435 -4.364 -12.687 4.354 -7.735 11.345
-12.704 -3.933 -13.281 -2.292 -1.604 10.256
-12.652 -3.848 -13.925 -8.308 5.386 8.766
-12.231 -4.176 -14.467 -12.490 10.027 7.850
-11.559 -4.781 -14.936 -12.261 12.261 5.730
-10.629 -5.551 -15.001 -12.662 11.230 4.698
-10.015 -6.271 -15.386 -8.422 9.568 2.636
-9.237 -6.912 -15.237 -6.131 5.214 1.662
-8.834 -7.264 -15.274 -3.323 0.057 1.604
-8.654 -7.225 -15.392 -0.516 -5.042 0.458
-8.630 -6.907 -15.453 0.688 -9.969 -0.630
-8.724 -6.255 -15.474 2.979 -13.751 -1.432
-8.938 -5.512 -15.364 3.610 -15.642 -2.005
-9.175 -4.635 -15.285 1.318 -14.840 -3.438
-9.362 -3.401 -15.261 -1.776 -12.490 -4.412
-9.306 -2.661 -15.044 -4.068 -9.740 -5.500
-8.945 -1.968 -14.657 -6.131 -6.131 -6.188
-8.714 -1.704 -14.396 -6.589 -1.031 -6.417
-8.369 -1.587 -14.039 -6.417 2.292 -6.704
-8.012 -1.678 -13.657 -5.157 5.730 -6.818
-7.766 -2.205 -13.253 -5.214 7.678 -6.303
-7.442 -2.617 -12.862 -3.610 8.594 -6.417
-7.232 -3.090 -12.474 -1.203 8.365 -6.303
-7.196 -3.578 -12.104 -1.662 6.245 -5.730
-7.225 -3.908 -11.829 -1.375 3.495 -5.500
-7.078 -4.025 -11.470 -0.802 0.573 -5.042
-7.058 -4.028 -11.184 0.057 -1.719 -5.730
-7.129 -3.870 -10.865 -1.719 -5.615 -4.584
-7.069 -3.281 -10.631 -2.521 -6.589 -4.813
-6.979 -2.807 -10.371 -4.297 -8.594 -5.615
-6.668 -2.118 -10.046 -5.558 -8.422 -5.157
-6.401 -1.558 -9.761 -6.990 -6.761 -5.271
-5.887 -0.900 -9.428 -9.339 -6.073 -5.672
-5.315 -0.432 -9.095 -9.626 -2.349 -5.157
