-0.8 0.3 -0.7 0.0 0.0 0.0
-0.7 0.3 -0.7 0.0 0.0 0.0
-0.7 0.3 -0.7 0.0 0.0 0.0
-0.8 0.4 -0.6 0.0 0.0 0.0
-0.8 0.7 -0.6 0.0 0.0 0.0
-0.9 1.3 -0.6 0.0 0.0 0.0
-0.9 2.4 -0.5 0.0 0.0 0.0
-0.9 3.9 -0.5 0.0 0.0 0.0
-0.9 6.2 -0.4 0.0 0.0 0.0
-1.0 9.2 -0.3 0.0 0.0 0.0
-1.0 13.0 -0.2 0.0 0.0 0.0
-1.0 17.5 -0.1 0.0 0.0 0.0
-1.0 23.0 0.0 0.0 0.0 0.0
-1.1 29.4 0.2 0.0 0.0 0.0
-1.1 36.3 0.4 0.0 0.0 0.0
-1.2 44.1 0.6 0.0 0.0 0.0
-1.4 52.5 1.0 0.0 0.0 0.0
-1.7 61.8 1.6 0.0 0.0 0.0
-2.5 72.0 2.6 0.0 0.0 0.0
-6.2 82.7 6.5 0.0 0.0 0.0
-168.4 85.9 169.0 0.0 0.0 0.0
-176.6 74.0 177.5 0.0 0.0 0.0
-177.7 61.5 178.9 0.0 0.0 0.0
-178.0 48.0 179.5 0.0 0.0 0.0
-178.0 34.6 180.0 0.0 0.0 0.0
-178.0 20.5 -179.6 0.0 0.0 0.0
-177.7 6.0 -179.2 0.0 0.0 0.0
-177.4 -8.8 -178.7 0.0 0.0 0.0
-176.8 -23.5 -178.1 0.0 0.0 0.0
-176.0 -37.9 -177.3 0.0 0.0 0.0
-174.6 -51.8 -175.9 0.0 0.0 0.0
-171.9 -65.1 -173.3 0.0 0.0 0.0
-164.1 -77.5 -165.8 0.0 0.0 0.0
-89.7 -86.8 -91.5 0.0 0.0 0.0
-14.6 -78.2 -16.7 0.0 0.0 0.0
-6.7 -67.6 -9.1 0.0 0.0 0.0
-3.8 -57.4 -6.5 0.0 0.0 0.0
-3.0 -55.6 -5.9 0.0 0.0 0.0
-1.6 -46.7 -4.8 0.0 0.0 0.0
-0.5 -38.7 -4.0 0.0 0.0 0.0
0.3 -31.2 -3.8 0.0 0.0 0.0
1.1 -22.5 -3.5 0.0 0.0 0.0
1.6 -16.4 -3.3 0.0 0.0 0.0
2.1 -11.3 -3.3 0.0 0.0 0.0
2.5 -6.5 -3.2 0.0 0.0 0.0
3.0 -1.8 -3.1 0.0 0.0 0.0
3.3 1.4 -2.9 0.0 0.0 0.0
3.6 4.3 -2.8 0.0 0.0 0.0
3.8 6.5 -2.7 0.0 0.0 0.0
3.9 8.1 -2.5 0.0 0.0 0.0
3.9 8.5 -2.3 0.0 0.0 0.0
3.9 8.1 -1.9 0.0 0.0 0.0
4.0 6.8 -1.5 0.0 0.0 0.0
4.2 5.6 -1.2 0.0 0.0 0.0
4.2 4.0 -0.9 0.0 0.0 0.0
4.0 2.1 -0.5 0.0 0.0 0.0
3.4 -0.2 -0.2 0.0 0.0 0.0
2.6 -2.5 0.2 0.0 0.0 0.0
1.5 -5.1 0.3 0.0 0.0 0.0
0.2 -7.7 0.3 0.0 0.0 0.0
-1.0 -10.1 0.3 0.0 0.0 0.0
-2.0 -12.2 0.1 0.0 0.0 0.0
-2.6 -14.0 0.1 0.0 0.0 0.0
-2.8 -15.2 -0.0 0.0 0.0 0.0
-2.7 -15.8 -0.0 0.0 0.0 0.0
-2.4 -15.8 -0.0 0.0 0.0 0.0
-1.9 -15.2 0.2 0.0 0.0 0.0
-1.2 -14.0 0.3 0.0 0.0 0.0
-0.3 -12.4 0.3 0.0 0.0 0.0
0.5 -10.3 0.4 0.0 0.0 0.0
1.3 -7.8 0.4 0.0 0.0 0.0
1.9 -5.6 0.3 0.0 0.0 0.0
2.4 -3.3 0.3 0.0 0.0 0.0
2.7 -1.3 0.1 0.0 0.0 0.0
2.8 0.8 -0.1 0.0 0.0 0.0
2.8 2.6 -0.2 0.0 0.0 0.0
2.8 4.1 -0.3 0.0 0.0 0.0
2.6 5.5 -0.3 0.0 0.0 0.0
2.4 6.8 -0.3 0.0 0.0 0.0
2.2 7.7 -0.2 0.0 0.0 0.0
1.9 8.5 -0.2 0.0 0.0 0.0
1.6 8.9 -0.0 0.0 0.0 0.0
1.1 9.3 0.0 0.0 0.0 0.0
0.6 9.3 0.1 0.0 0.0 0.0
-0.1 9.2 0.3 0.0 0.0 0.0
-0.7 8.9 0.4 0.0 0.0 0.0
-1.3 8.6 0.5 0.0 0.0 0.0
-2.0 8.2 0.6 0.0 0.0 0.0
-2.6 7.7 0.7 0.0 0.0 0.0
-3.0 7.3 0.9 0.0 0.0 0.0
-3.4 6.9 1.0 0.0 0.0 0.0
-3.7 6.5 1.1 0.0 0.0 0.0
-3.9 6.1 1.2 0.0 0.0 0.0
-4.1 5.7 1.2 0.0 0.0 0.0
-4.1 5.4 1.3 0.0 0.0 0.0
-4.1 5.0 1.4 0.0 0.0 0.0
-4.0 4.7 1.5 0.0 0.0 0.0
-3.8 4.4 1.5 0.0 0.0 0.0
-3.5 4.1 1.5 0.0 0.0 0.0
-3.1 3.7 1.5 0.0 0.0 0.0
-2.7 3.4 1.5 0.0 0.0 0.0
-2.2 3.0 1.5 0.0 0.0 0.0
-1.8 2.6 1.5 0.0 0.0 0.0
-1.3 2.2 1.4 0.0 0.0 0.0
-1.0 1.9 1.5 0.0 0.0 0.0
-0.7 1.6 1.5 0.0 0.0 0.0
-0.5 1.3 1.4 0.0 0.0 0.0
-0.4 1.1 1.4 0.0 0.0 0.0
-0.3 1.0 1.4 0.0 0.0 0.0
-0.2 0.9 1.4 0.0 0.0 0.0
-0.1 0.9 1.4 0.0 0.0 0.0
0.0 0.9 1.4 0.0 0.0 0.0
0.1 0.9 1.4 0.0 0.0 0.0
0.3 0.9 1.4 0.0 0.0 0.0
0.5 1.0 1.4 0.0 0.0 0.0
0.7 1.0 1.5 0.0 0.0 0.0
1.0 1.0 1.5 0.0 0.0 0.0
1.3 1.0 1.6 0.0 0.0 0.0
1.6 0.9 1.7 0.0 0.0 0.0
1.8 0.8 1.8 0.0 0.0 0.0
2.0 0.6 1.9 0.0 0.0 0.0
2.1 0.5 2.0 0.0 0.0 0.0
2.2 0.4 2.1 0.0 0.0 0.0
2.2 0.4 2.2 0.0 0.0 0.0
2.1 0.5 2.3 0.0 0.0 0.0
1.9 0.6 2.4 0.0 0.0 0.0
1.8 0.7 2.4 0.0 0.0 0.0
1.7 0.8 2.5 0.0 0.0 0.0
1.5 0.9 2.4 0.0 0.0 0.0
1.5 1.0 2.4 0.0 0.0 0.0
1.4 1.0 2.5 0.0 0.0 0.0
1.4 0.9 2.5 0.0 0.0 0.0
1.4 0.8 2.5 0.0 0.0 0.0
1.4 0.7 2.4 0.0 0.0 0.0
1.5 0.5 2.4 0.0 0.0 0.0
1.5 0.3 2.4 0.0 0.0 0.0
1.5 0.2 2.4 0.0 0.0 0.0
1.4 0.1 2.3 0.0 0.0 0.0
1.4 0.0 2.3 0.0 0.0 0.0
1.3 0.0 2.2 0.0 0.0 0.0
1.2 0.0 2.1 0.0 0.0 0.0
1.2 0.1 2.1 0.0 0.0 0.0
1.1 0.2 2.0 0.0 0.0 0.0
1.1 0.3 1.9 0.0 0.0 0.0
1.1 0.3 1.8 0.0 0.0 0.0
1.1 0.4 1.8 0.0 0.0 0.0
1.1 0.4 1.7 0.0 0.0 0.0
1.0 0.4 1.7 0.0 0.0 0.0
1.1 0.4 1.6 0.0 0.0 0.0
1.0 0.3 1.6 0.0 0.0 0.0
1.0 0.2 1.5 0.0 0.0 0.0
1.0 0.1 1.5 0.0 0.0 0.0
0.9 -0.0 1.4 0.0 0.0 0.0
0.8 -0.1 1.4 0.0 0.0 0.0
0.7 -0.2 1.3 0.0 0.0 0.0
0.6 -0.2 1.3 0.0 0.0 0.0
