32767.0 -5670.0 1022.0 8629.0
32767.0 -8860.0 7381.0 -1825.0
32767.0 -3044.0 9712.0 8914.0
32767.0 -12434.0 32767.0 451.0
32767.0 -11463.0 32767.0 5028.0
32767.0 -8938.0 32767.0 3535.0
32767.0 -138.0 32767.0 6770.0
32767.0 7370.0 32767.0 3978.0
32767.0 -8682.0 32767.0 4352.0
32767.0 328.0 7998.0 9025.0
32767.0 -6843.0 4339.0 167.0
32767.0 -3555.0 6182.0 10006.0
32767.0 -8383.0 4622.0 80.0
32767.0 -12096.0 5759.0 7786.0
32767.0 -8296.0 4562.0 3236.0
32767.0 -11873.0 -1677.0 2628.0
32767.0 -17437.0 4821.0 1415.0
32767.0 -16355.0 -6617.0 8935.0
32767.0 -10553.0 14908.0 5157.0
32767.0 -20530.0 8098.0 9232.0
32767.0 -7426.0 3263.0 3270.0
32767.0 -10028.0 -293.0 9042.0
32767.0 -14929.0 -8261.0 1639.0
32767.0 -5624.0 -11401.0 12945.0
32767.0 -11684.0 -14846.0 -2141.0
32767.0 -15168.0 -24487.0 10670.0
32767.0 -14234.0 -24481.0 -1557.0
32767.0 -11897.0 -28506.0 14337.0
32767.0 -11302.0 -26554.0 -280.0
32767.0 -13788.0 -20711.0 13867.0
32767.0 -8088.0 -22684.0 -1274.0
32767.0 -14376.0 -16227.0 14536.0
32767.0 -3957.0 -26294.0 -1366.0
32767.0 -3230.0 -32767.0 11956.0
32767.0 1273.0 -32767.0 4227.0
32767.0 -7138.0 -32767.0 4631.0
32767.0 -9467.0 -32767.0 2571.0
32767.0 -4028.0 -32767.0 1103.0
32767.0 9679.0 -32767.0 2889.0
32767.0 6312.0 -32767.0 4061.0
32767.0 13229.0 -32767.0 2004.0
32767.0 1196.0 -32767.0 1706.0
32767.0 -9252.0 -32767.0 -43.0
32767.0 -12312.0 -32767.0 10694.0
32767.0 10172.0 -32767.0 -298.0
32767.0 8243.0 -32767.0 4422.0
32767.0 2047.0 -32767.0 -764.0
32767.0 768.0 -32767.0 4290.0
32767.0 2825.0 -32767.0 2009.0
32767.0 -10234.0 27688.0 6289.0
32767.0 6651.0 32767.0 5096.0
32767.0 20867.0 32767.0 12228.0
32767.0 8732.0 32767.0 3925.0
32767.0 -4988.0 32767.0 8020.0
50767.0 -14191.0 32767.0 1510.0
50767.0 -13333.0 32767.0 15277.0
50767.0 -7692.0 32767.0 6229.0
50767.0 -25679.0 32767.0 4514.0
50767.0 -4513.0 32767.0 11534.0
50767.0 -10875.0 32767.0 7370.0
50767.0 -5404.0 32767.0 10879.0
50767.0 -22753.0 -5838.0 3618.0
50767.0 -13804.0 -32767.0 6202.0
50767.0 13685.0 -32767.0 8515.0
50767.0 6026.0 -28147.0 13441.0
50767.0 15461.0 -3668.0 7984.0
50767.0 3198.0 18996.0 12057.0
50767.0 -16733.0 21303.0 2883.0
50767.0 -18991.0 26984.0 19867.0
50767.0 -17115.0 20986.0 3558.0
50767.0 -20858.0 10003.0 16548.0
50767.0 -9058.0 9872.0 4598.0
50767.0 -5199.0 3112.0 13003.0
50767.0 -11328.0 -145.0 5971.0
50767.0 3101.0 3594.0 12890.0
50767.0 706.0 4290.0 11611.0
50767.0 -4333.0 3648.0 5948.0
50767.0 2035.0 6435.0 14956.0
50767.0 742.0 3918.0 4033.0
50767.0 -11164.0 4094.0 13285.0
50767.0 -9770.0 -7122.0 3376.0
50767.0 -8673.0 457.0 10755.0
50767.0 -2641.0 9181.0 8379.0
50767.0 -1174.0 4250.0 10935.0
50767.0 -4233.0 4983.0 8014.0
50767.0 -10445.0 -160.0 10209.0
50767.0 3763.0 1671.0 10180.0
50767.0 4144.0 370.0 11433.0
50767.0 -2725.0 1062.0 5677.0
50767.0 -2325.0 2689.0 13705.0
50767.0 -272.0 1620.0 5215.0
50767.0 -5153.0 -2391.0 13507.0
50767.0 1087.0 376.0 2596.0
50767.0 -2148.0 5136.0 20981.0
50767.0 -4747.0 3094.0 467.0
50767.0 4951.0 4840.0 22960.0
50767.0 1122.0 2784.0 872.0
50767.0 593.0 5851.0 23131.0
50767.0 -1086.0 2292.0 -456.0
50767.0 -7130.0 -3632.0 16421.0
50767.0 -2685.0 -1576.0 3817.0
50767.0 -3400.0 5901.0 12592.0
50767.0 -3608.0 2334.0 5413.0
50767.0 -10008.0 4635.0 15683.0
50767.0 1178.0 1255.0 6143.0
50767.0 -4319.0 1166.0 12099.0
50767.0 -4352.0 -179.0 9811.0
50767.0 -2470.0 66.0 7496.0
50767.0 236.0 -2972.0 8191.0
50767.0 3349.0 -5276.0 8867.0
50767.0 880.0 -5899.0 15959.0
50767.0 -400.0 -1874.0 4090.0
50767.0 -3039.0 643.0 18380.0
50767.0 -2614.0 -3615.0 3804.0
50767.0 394.0 5694.0 15855.0
50767.0 -6221.0 2109.0 4410.0
50767.0 -6300.0 -5205.0 14610.0
50767.0 2466.0 2253.0 7089.0
50767.0 7079.0 -948.0 12851.0
50767.0 105.0 -3484.0 8924.0
50767.0 -1451.0 -6758.0 13128.0
50767.0 6194.0 2551.0 8050.0
50767.0 1800.0 4117.0 17199.0
50767.0 -6557.0 -5417.0 2491.0
50767.0 421.0 -1287.0 21098.0
50767.0 6158.0 -1399.0 890.0
50767.0 -2122.0 1796.0 19893.0
50767.0 -742.0 2664.0 5177.0
50767.0 -3705.0 -1766.0 14281.0
50767.0 1928.0 -479.0 7484.0
50767.0 4775.0 -1392.0 13489.0
50767.0 1511.0 -1556.0 8672.0
50767.0 2822.0 743.0 9500.0
50767.0 -3227.0 -5671.0 12146.0
50767.0 1898.0 -4385.0 4746.0
50767.0 -195.0 1554.0 17012.0
50767.0 -32767.0 32767.0 32767.0
68767.0 -1489.0 -13327.0 8680.0
68767.0 627.0 -11843.0 9914.0
68767.0 1182.0 -12466.0 11332.0
68767.0 3407.0 -11347.0 12834.0
68767.0 6146.0 -11360.0 14150.0
68767.0 7057.0 -9684.0 15267.0
68767.0 9595.0 -8116.0 16485.0
68767.0 10168.0 -7565.0 17650.0
68767.0 11548.0 -10630.0 18494.0
68767.0 10714.0 -12989.0 19266.0
68767.0 12919.0 -13687.0 20207.0
68767.0 12245.0 -15073.0 21049.0
68767.0 13202.0 -17829.0 21650.0
68767.0 13722.0 -17759.0 22443.0
68767.0 13901.0 -20033.0 22990.0
68767.0 15704.0 -21504.0 23639.0
68767.0 15197.0 -21656.0 24086.0
68767.0 16668.0 -22302.0 24614.0
68767.0 18282.0 -23046.0 25122.0
68767.0 18178.0 -21855.0 25681.0
68767.0 19364.0 -24644.0 26236.0
68767.0 21027.0 -25122.0 26625.0
68767.0 22389.0 -24646.0 27046.0
68767.0 24687.0 -27344.0 27428.0
68767.0 24207.0 -26120.0 27635.0
68767.0 22364.0 -27314.0 28037.0
68767.0 24629.0 -28772.0 28274.0
68767.0 24134.0 -30055.0 28455.0
68394.0 24062.0 -30942.0 28636.0
66030.9 25460.0 -30059.0 28767.0
64453.1 25603.0 -30141.0 28619.0
62945.7 27954.0 -29489.0 28420.0
61398.7 27351.0 -32730.0 27900.0
58584.1 27162.0 -32503.0 27387.0
57032.7 27582.0 -32447.0 26785.0
55667.5 25221.0 -32767.0 26428.0
54229.1 24377.0 -28822.0 25692.0
52770.2 24370.0 -27636.0 25112.0
51642.3 22521.0 -26214.0 24394.0
50385.8 21324.0 -23461.0 23690.0
49134.6 20016.0 -15722.0 23152.0
47978.6 17066.0 -13395.0 21956.0
47014.4 13439.0 -19881.0 21107.0
45197.4 9555.0 -10706.0 19983.0
44091.7 7268.0 -9794.0 19006.0
42929.9 4213.0 -5231.0 17968.0
40709.6 -50.0 -288.0 16993.0
39454.7 -3613.0 50.0 16126.0
38196.8 -4258.0 3614.0 15275.0
37039.0 -5248.0 2116.0 14459.0
34682.0 -6217.0 2961.0 13743.0
33489.4 -5738.0 4544.0 13194.0
32409.2 -2849.0 2952.0 12741.0
31238.2 -2541.0 3559.0 12311.0
30201.8 -2941.0 -220.0 11951.0
29146.0 11.0 1720.0 11622.0
28827.8 669.0 1503.0 11143.0
28809.7 -667.0 -2361.0 10819.0
28618.8 1899.0 2849.0 10364.0
28713.8 2235.0 -1009.0 10169.0
28896.8 2440.0 1392.0 9832.0
29053.2 251.0 -394.0 11341.0
29930.2 3313.0 928.0 9364.0
30157.2 869.0 -1594.0 9181.0
30430.4 1605.0 3320.0 8902.0
30696.7 1386.0 276.0 10148.0
31491.5 -323.0 -1044.0 8410.0
31761.0 3029.0 4011.0 8294.0
32096.9 307.0 1885.0 8076.0
32398.1 3029.0 5721.0 7902.0
33714.4 -435.0 2976.0 7810.0
34009.3 1216.0 4947.0 7502.0
34274.7 -969.0 197.0 8682.0
35174.4 103.0 2940.0 7238.0
35435.2 445.0 -1943.0 7108.0
35707.3 -2936.0 -3415.0 11542.0
38458.3 -2375.0 -2262.0 6864.0
38719.6 561.0 -3216.0 6857.0
38930.3 169.0 -5138.0 6897.0
39138.3 2654.0 -3174.0 6830.0
47470.4 -558.0 -108.0 7114.0
47667.3 -519.0 -4434.0 6904.0
47823.3 174.0 -5569.0 7221.0
47940.6 1169.0 -5417.0 7295.0
64445.8 691.0 -5176.0 8346.0
64413.7 1986.0 -4550.0 8731.0
64343.0 2336.0 -5133.0 9590.0
64214.3 4243.0 -5140.0 10831.0
68767.0 4749.0 -6801.0 13359.0
68767.0 6314.0 -8172.0 14120.0
68767.0 7114.0 -8679.0 15455.0
68767.0 8306.0 -10605.0 16718.0
68767.0 8118.0 -14562.0 17352.0
68767.0 11979.0 -16576.0 18641.0
68767.0 12400.0 -18075.0 19557.0
68167.6 13394.0 -19514.0 20417.0
67155.9 16376.0 -25044.0 20097.0
59819.2 20058.0 -27903.0 21414.0
58953.5 21811.0 -32100.0 21637.0
58048.1 24392.0 -32767.0 21829.0
57144.8 23966.0 -32767.0 22511.0
65595.6 22351.0 -29555.0 22512.0
64820.0 24685.0 -32767.0 23110.0
64141.1 27669.0 -32767.0 23584.0
63572.6 26949.0 -32767.0 24155.0
68767.0 28255.0 -32767.0 24389.0
68767.0 29613.0 -32767.0 25086.0
68767.0 31012.0 -32767.0 26020.0
68767.0 32767.0 -32767.0 27045.0
66100.6 32767.0 -32767.0 27597.0
65561.1 32767.0 -32767.0 28157.0
65002.1 32767.0 -32767.0 28651.0
64576.1 32767.0 -32767.0 32767.0
40617.5 32767.0 -32767.0 32767.0
40483.3 32767.0 -32767.0 32767.0
40221.7 32767.0 -32767.0 32767.0
26707.7 32767.0 -32767.0 32767.0
26733.6 26759.0 -32767.0 32767.0
26941.6 16167.0 -32767.0 32767.0
24978.2 9674.0 -32767.0 32767.0
25362.8 5499.0 -32767.0 32767.0
28517.3 -3567.0 -32767.0 32767.0
29154.5 -10983.0 -32767.0 32767.0
29812.7 -15920.0 -32767.0 32767.0
41582.6 -18666.0 -32767.0 32767.0
42411.5 -18913.0 -32767.0 32767.0
43352.2 -19137.0 -32767.0 32767.0
68767.0 -16959.0 -30501.0 32767.0
68767.0 -14188.0 -25983.0 32767.0
68767.0 -7517.0 -15510.0 32767.0
68767.0 -13710.0 -7466.0 -11388.0
68767.0 -10880.0 -3781.0 -9410.0
55438.0 -10105.0 -588.0 -7385.0
55250.8 -9240.0 -2210.0 -4962.0
54948.8 -8528.0 -301.0 -3110.0
54465.4 -8373.0 -2811.0 -1420.0
54472.1 -6949.0 -4462.0 40.0
53778.3 -5057.0 -5819.0 1300.0
53214.9 -5619.0 -5817.0 2140.0
52753.0 -4411.0 -7917.0 2920.0
51905.5 -2993.0 -7690.0 3558.0
51043.2 -423.0 -4477.0 4158.0
50353.2 -817.0 -5016.0 4644.0
49473.4 -838.0 -4149.0 4874.0
48612.2 -1538.0 -3406.0 5197.0
46575.5 -1314.0 -5448.0 5565.0
45749.3 -3147.0 -3462.0 5741.0
44932.9 -1607.0 -3022.0 6043.0
46844.0 -2800.0 -4331.0 6206.0
46193.8 -3484.0 -2072.0 6383.0
48773.3 -3108.0 -1127.0 6674.0
48185.9 -3542.0 -2390.0 6564.0
47584.3 -4266.0 153.0 6874.0
54901.0 -2627.0 1687.0 7377.0
54470.1 -4809.0 884.0 7535.0
53990.1 -5425.0 -582.0 7765.0
58621.5 -6004.0 15.0 8243.0
58142.5 -32767.0 -32767.0 21327.0
58110.3 -32767.0 -32767.0 32767.0
68767.0 -32767.0 -32767.0 32767.0
68767.0 32767.0 32767.0 32767.0
68767.0 -32767.0 32767.0 -27078.0
68767.0 -32767.0 32767.0 32767.0
68767.0 27791.0 32767.0 32767.0
68767.0 12233.0 32767.0 32767.0
68767.0 19811.0 32767.0 32767.0
68767.0 11018.0 32767.0 32767.0
68767.0 -2799.0 32767.0 32767.0
68767.0 -15373.0 31251.0 32767.0
68767.0 -28265.0 14848.0 32767.0
68767.0 -8972.0 32767.0 32767.0
68767.0 -32304.0 32767.0 32767.0
68767.0 -32767.0 22822.0 32767.0
68767.0 -32767.0 15093.0 32767.0
68767.0 -32767.0 15812.0 32767.0
68767.0 -32767.0 13887.0 32767.0
68767.0 -32767.0 -2913.0 32767.0
68767.0 -32767.0 2143.0 32767.0
68767.0 -32767.0 7356.0 32767.0
44297.6 -32767.0 14188.0 32767.0
45234.1 -30534.0 16485.0 32767.0
46062.6 -29296.0 18656.0 32767.0
68767.0 -32767.0 21826.0 32767.0
68767.0 -32767.0 20977.0 32767.0
68767.0 32767.0 20502.0 32767.0
47419.9 -17663.0 20925.0 32767.0
47368.5 -17992.0 16609.0 32767.0
47265.8 -17934.0 12858.0 32767.0
47053.6 -15385.0 12034.0 32767.0
68767.0 -25397.0 9588.0 32767.0
68767.0 -23175.0 9645.0 32767.0
68767.0 -23652.0 10076.0 32767.0
68767.0 -22358.0 9104.0 32767.0
68767.0 -18610.0 9812.0 32767.0
68767.0 -16876.0 8875.0 32767.0
68767.0 -14812.0 10090.0 32767.0
68767.0 -12257.0 9426.0 32767.0
68767.0 -17049.0 8073.0 32767.0
68767.0 -14228.0 5697.0 32767.0
68767.0 -13426.0 5563.0 32767.0
68767.0 -13851.0 5051.0 32767.0
68767.0 -13730.0 2868.0 32767.0
68767.0 -14123.0 1093.0 32767.0
61347.8 -13883.0 -2068.0 32767.0
60473.0 -11734.0 -4331.0 32767.0
59569.5 -12488.0 -7123.0 32767.0
38987.5 -6079.0 -4948.0 32767.0
37736.5 -6655.0 -8908.0 32767.0
36605.9 -5784.0 -13635.0 32767.0
20000.0 -564.0 -12928.0 32767.0
20000.0 -4107.0 -14348.0 32767.0
20000.0 -10005.0 -2000.0 -32767.0
20000.0 -8002.0 -19271.0 32767.0
20000.0 32767.0 32767.0 32767.0
20000.0 32767.0 32767.0 32767.0
20000.0 -32767.0 32767.0 32767.0
20000.0 -32767.0 32767.0 32767.0
20000.0 -32767.0 32767.0 32767.0
42023.1 -15604.0 32767.0 32767.0
43936.1 -32767.0 32767.0 25252.0
52347.2 -32767.0 32767.0 32767.0
68767.0 -32767.0 32767.0 32767.0
68767.0 -32767.0 32767.0 32767.0
68767.0 -32767.0 32767.0 32767.0
68767.0 -32767.0 31405.0 -16209.0
68767.0 -32767.0 26372.0 -18109.0
68767.0 -32767.0 8050.0 -17277.0
68767.0 -32767.0 -3455.0 -16512.0
68767.0 -32767.0 -18512.0 32767.0
68767.0 -32767.0 -29774.0 -14820.0
68767.0 -32767.0 -32767.0 -17019.0
68767.0 -32767.0 -32767.0 -19857.0
68767.0 -32767.0 -32767.0 -32767.0
68767.0 -32767.0 -32767.0 -24529.0
68767.0 -32767.0 -32767.0 -26424.0
68767.0 -32767.0 -32767.0 -32767.0
56707.9 -32767.0 -32767.0 -31762.0
47848.3 -32767.0 -32767.0 -32767.0
39248.8 32767.0 -1990.0 32767.0
68767.0 -32767.0 -32767.0 9518.0
68285.7 -32767.0 -32767.0 6509.0
66669.1 -32767.0 -32767.0 3910.0
65711.9 -32767.0 -32767.0 1253.0
64781.8 -32767.0 -32767.0 -2313.0
66577.9 -32767.0 -32767.0 -6539.0
67059.1 -32767.0 -32767.0 -11668.0
67912.3 -32767.0 -32767.0 -16645.0
68767.0 -32767.0 -32767.0 -32767.0
68767.0 -32767.0 -32767.0 -32767.0
68767.0 -32767.0 -32767.0 -32767.0
68767.0 -32767.0 -32767.0 -32767.0
68767.0 -32767.0 -28094.0 -32767.0
68767.0 -32767.0 -19369.0 -32767.0
68767.0 -32767.0 -5041.0 -32767.0
68767.0 -32767.0 -433.0 -32767.0
68767.0 -32767.0 3024.0 -32767.0
68767.0 -32767.0 12799.0 -32767.0
68767.0 -32767.0 18289.0 -32767.0
68767.0 -32767.0 19793.0 -32688.0
68767.0 -32767.0 19318.0 -32010.0
68767.0 -32767.0 20191.0 -32203.0
68767.0 -32767.0 16394.0 -32767.0
68767.0 -32767.0 16691.0 -21272.0
68767.0 -32767.0 11966.0 -32767.0
68767.0 -32767.0 11577.0 -32767.0
68767.0 -32767.0 9012.0 -32767.0
68767.0 -32767.0 5623.0 -32767.0
68767.0 -32767.0 3845.0 -32767.0
68767.0 -32767.0 -2143.0 -32767.0
68767.0 -32767.0 -6517.0 -32767.0
68767.0 -30757.0 -8158.0 -32767.0
68767.0 -19862.0 -10188.0 -32767.0
68767.0 -12567.0 -14781.0 -32767.0
68767.0 32767.0 -32767.0 -32767.0
68767.0 -32767.0 32767.0 -32767.0
68767.0 -32767.0 -32767.0 -32767.0
68767.0 -32767.0 14258.0 -32767.0
68767.0 -32767.0 -32767.0 32767.0
68767.0 -32767.0 -32767.0 32767.0
68767.0 -32767.0 -32767.0 -32767.0
68767.0 -32767.0 -32767.0 -32767.0
68767.0 -32767.0 -32767.0 -32767.0
68767.0 -32767.0 -32767.0 -32767.0
68767.0 -32767.0 -32767.0 -32767.0
68767.0 -32767.0 -32767.0 -32767.0
68767.0 -32767.0 -32767.0 -32767.0
68767.0 -32767.0 -32767.0 -32767.0
68767.0 -32767.0 -32767.0 -32767.0
68767.0 -32767.0 -32767.0 -32767.0
68767.0 -32767.0 -32767.0 -32767.0
68767.0 -27860.0 -32767.0 -32767.0
68767.0 -22496.0 -32767.0 -32767.0
68767.0 -20421.0 -32767.0 -32767.0
68767.0 -13736.0 -32767.0 -32767.0
68767.0 -32767.0 -32767.0 9856.0
68767.0 -1819.0 -32767.0 10987.0
68767.0 -7243.0 -32767.0 12583.0
68767.0 -255.0 -32767.0 15973.0
68767.0 32767.0 -32767.0 10995.0
68767.0 32767.0 -32767.0 -16074.0
68767.0 -32767.0 -32767.0 32767.0
68767.0 -32767.0 -32767.0 32767.0
68767.0 32767.0 -32767.0 32767.0
68767.0 -32767.0 32767.0 32767.0
68767.0 -32767.0 -32767.0 32767.0
68767.0 -32767.0 -32767.0 32767.0
68767.0 -32767.0 -32767.0 32767.0
68767.0 -32767.0 -32767.0 32767.0
68767.0 -32767.0 -32767.0 32767.0
68767.0 -32767.0 -32767.0 32767.0
68767.0 -32767.0 -32767.0 -32767.0
68767.0 -32767.0 -32767.0 -32767.0
68767.0 -32767.0 -32767.0 -32767.0
68767.0 -32767.0 -32767.0 -32767.0
68767.0 -32767.0 -32767.0 -32767.0
68767.0 -32767.0 -32767.0 -32767.0
68767.0 -32767.0 -32767.0 -32767.0
68767.0 -32767.0 -32767.0 -32767.0
68767.0 -32767.0 -32767.0 -29103.0
68767.0 -32767.0 -32767.0 -31463.0
68767.0 -32767.0 -32767.0 24827.0
68767.0 -32767.0 -32767.0 24553.0
68767.0 -32767.0 -32767.0 20033.0
68767.0 -32767.0 -32767.0 -17617.0
68767.0 -32767.0 -32767.0 -32767.0
68767.0 29479.0 32767.0 -17075.0
68767.0 32767.0 -32767.0 -32767.0
68767.0 16577.0 32767.0 -32767.0
68767.0 -22425.0 -32767.0 -32767.0
68767.0 32767.0 1476.0 -18998.0
68767.0 32767.0 32767.0 -8869.0
68767.0 32767.0 -7783.0 -28518.0
68767.0 32767.0 32767.0 -32767.0
68767.0 -32767.0 -32767.0 -32767.0
68767.0 -32767.0 -2514.0 -32767.0
68767.0 -32767.0 -32767.0 -32767.0
68767.0 -32767.0 -32767.0 -32767.0
68767.0 -32767.0 -32767.0 -32767.0
20000.0 -32767.0 -32767.0 -32767.0
20000.0 -32767.0 -32767.0 -32767.0
20000.0 -32767.0 32767.0 -32767.0
20000.0 5342.0 32767.0 -32767.0
20000.0 -32767.0 32767.0 -32767.0
20000.0 -32767.0 -32767.0 -32767.0
20000.0 -32767.0 -32767.0 -32767.0
20000.0 -32767.0 -32767.0 -32767.0
20000.0 -32767.0 -12144.0 -32767.0
20000.0 -32767.0 -32767.0 -32767.0
20000.0 -32767.0 14988.0 -32767.0
20000.0 -32767.0 20881.0 -32767.0
20000.0 -32767.0 28781.0 -32767.0
20000.0 -32767.0 32767.0 -32767.0
20000.0 -32767.0 -32767.0 -32767.0
20000.0 -32767.0 -20041.0 -32767.0
20000.0 -32767.0 32767.0 -32767.0
20000.0 -32767.0 26316.0 -32767.0
20000.0 -32767.0 -32767.0 -32767.0
20000.0 -32767.0 -29019.0 -32767.0
20000.0 -32767.0 10824.0 -32767.0
20000.0 -32767.0 -32767.0 -32767.0
20000.0 -32767.0 -32767.0 -32767.0
68767.0 -32767.0 -32767.0 -7057.0
68767.0 -32767.0 -32767.0 -14005.0
68767.0 -32767.0 4630.0 -30010.0
68767.0 -32767.0 -32767.0 -32767.0
68767.0 -32767.0 -19759.0 -32767.0
68767.0 -32767.0 -32767.0 -32767.0
68767.0 -32767.0 -31892.0 -32767.0
68767.0 -32767.0 -32767.0 -32767.0
68767.0 -32767.0 -32767.0 -32767.0
68767.0 -32767.0 -32767.0 -24287.0
68767.0 -22435.0 -32767.0 -16492.0
68767.0 -32767.0 32178.0 -10075.0
68767.0 -32767.0 -32767.0 -5587.0
68767.0 -32767.0 -31057.0 497.0
68767.0 -32767.0 -7924.0 6798.0
68767.0 -32767.0 -32767.0 3454.0
68767.0 -32767.0 -32767.0 -1403.0
68767.0 -32767.0 -23802.0 -1048.0
68767.0 -32767.0 -22534.0 -1355.0
68767.0 -32767.0 -20724.0 614.0
68767.0 -32767.0 -18928.0 7201.0
68767.0 -32767.0 -25224.0 17187.0
68767.0 -32767.0 -32767.0 19894.0
68767.0 -32767.0 -32767.0 17084.0
68767.0 -32767.0 -32767.0 16085.0
68767.0 -32767.0 -24498.0 11473.0
68767.0 -32767.0 -32767.0 11408.0
68767.0 -32767.0 -32767.0 13111.0
68767.0 -32767.0 -22579.0 14514.0
68767.0 -32767.0 -24665.0 15519.0
68767.0 -32767.0 -9080.0 18805.0
68767.0 -32767.0 -22893.0 23476.0
68767.0 -32767.0 -29549.0 23207.0
68767.0 -32767.0 -32767.0 21578.0
68767.0 -32767.0 -714.0 24978.0
68767.0 -32767.0 -201.0 23639.0
68767.0 -32767.0 -32767.0 28747.0
68767.0 -32767.0 -32767.0 32767.0
68767.0 -32767.0 17596.0 32767.0
68767.0 -32767.0 -32767.0 32767.0
68767.0 -32767.0 -32767.0 32767.0
68767.0 -32767.0 -8377.0 32767.0
68767.0 -32767.0 -32767.0 32767.0
68767.0 -32767.0 -24114.0 32767.0
68767.0 -32767.0 27153.0 32767.0
68767.0 -32767.0 -32767.0 18708.0
68767.0 -32767.0 -32767.0 18236.0
68767.0 -32767.0 -32767.0 8776.0
68767.0 -32767.0 32767.0 9449.0
68767.0 -32767.0 -32767.0 -4320.0
68767.0 -32767.0 -32767.0 9671.0
68767.0 -32767.0 32767.0 -14764.0
68767.0 -32767.0 -32767.0 -32767.0
68767.0 -32767.0 32767.0 -4604.0
68767.0 -32767.0 -32767.0 -6288.0
68767.0 -32767.0 -18020.0 11766.0
68767.0 -32767.0 32767.0 9535.0
68767.0 -32767.0 -32767.0 5358.0
