0.000 0.000 -0.000 4.183 -0.115 1.318
0.000 5.743 -0.000 2.235 -3.151 3.782
0.000 22.377 -0.000 -0.057 -1.203 6.417
0.000 49.008 -0.000 2.235 8.193 9.110
0.000 84.741 -0.000 3.151 28.591 10.714
0.000 128.683 -0.000 4.011 58.499 12.892
0.000 179.940 -0.000 6.188 96.142 15.986
0.000 237.618 -0.000 7.678 142.323 17.189
0.000 300.824 -0.000 9.454 197.499 19.366
0.000 368.662 -0.000 13.350 258.519 21.028
0.000 440.240 -0.000 17.590 327.273 22.345
0.000 514.663 -0.000 18.392 398.263 24.752
0.000 591.038 -0.000 23.377 471.773 25.210
0.000 668.470 -0.000 25.840 546.888 28.075
0.000 746.066 -0.000 30.768 624.066 27.445
0.000 822.932 -0.000 32.888 703.535 30.825
0.000 898.174 -0.000 39.706 779.509 31.054
0.000 970.897 -0.000 44.404 852.676 33.002
0.000 1040.209 -0.000 50.248 924.124 34.320
0.000 1105.215 -0.000 53.228 990.529 35.466
0.000 1165.021 -0.000 59.989 1054.815 37.070
0.000 1218.733 -0.000 64.572 1114.747 38.445
0.000 1265.458 -0.000 69.557 1170.839 40.394
0.000 1304.301 -0.000 76.318 1228.020 40.508
0.000 1334.368 -0.000 80.443 1281.420 43.373
0.000 1354.767 -0.000 88.751 1328.746 42.227
0.000 1354.767 -0.000 94.022 1365.588 46.009
0.000 1364.602 -0.000 94.595 1389.480 45.779
0.000 1359.641 -0.000 100.726 1404.262 48.415
0.000 1343.007 -0.000 108.003 1398.361 48.587
0.000 1316.377 -0.000 116.883 1374.239 50.535
0.000 1280.644 -0.000 119.805 1339.747 51.910
0.000 1236.701 -0.000 122.728 1300.843 52.254
0.000 1185.444 -0.000 127.540 1255.809 54.603
0.000 1127.766 -0.000 126.624 1211.978 55.119
0.000 1064.561 -0.000 125.879 1167.172 55.921
0.000 996.722 -0.000 129.660 1121.049 57.983
0.000 925.144 -0.000 133.843 1059.628 57.582
0.000 850.721 -0.000 133.155 1001.931 59.702
0.000 774.346 -0.000 128.858 943.146 57.238
0.000 696.914 -0.000 118.545 882.641 57.296
0.000 619.318 -0.000 109.492 820.418 56.379
0.000 542.452 -0.000 103.935 757.622 55.749
0.000 467.211 -0.000 107.086 696.659 55.520
0.000 394.487 -0.000 103.992 642.973 57.009
0.000 325.176 -0.000 87.319 592.381 57.582
0.000 260.170 -0.000 70.302 536.403 58.785
0.000 260.170 -0.000 41.425 482.660 61.593
0.000 146.652 -0.000 26.413 397.633 63.140
0.000 146.652 -0.000 23.720 270.436 63.770
0.000 99.927 -0.000 23.033 132.525 65.833
0.000 61.084 -0.000 11.688 11.115 66.635
0.000 31.016 -0.000 -10.084 -76.261 68.411
0.000 10.618 -0.000 -27.445 -138.770 74.771
0.000 0.783 -0.000 -33.976 -175.726 78.381
0.000 0.000 -0.000 -43.545 -185.581 85.886
0.000 0.000 -0.000 -50.764 -170.799 88.178
0.000 0.000 -0.000 -51.795 -142.953 92.991
0.000 0.000 -0.000 -45.665 -98.033 96.314
0.000 0.000 -0.000 -38.789 -40.852 102.789
0.000 0.000 -0.000 -36.784 11.459 106.341
0.000 0.000 -0.000 -29.908 36.555 112.071
0.000 0.000 -0.000 -13.808 24.122 116.482
0.000 0.000 -0.000 -2.521 -5.615 117.399
0.000 0.000 -0.000 4.584 -36.497 119.290
0.000 0.000 -0.000 2.521 -54.202 120.722
0.000 0.000 -0.000 2.120 -59.702 123.472
0.000 0.000 -0.000 6.589 -53.801 122.899
0.000 0.000 -0.000 20.913 -43.086 122.899
0.000 0.000 -0.000 33.174 -35.638 122.842
0.000 0.000 -0.000 41.883 -26.757 118.831
0.000 0.000 -0.000 41.998 -18.335 120.207
0.000 0.000 -0.000 36.956 -9.568 114.477
0.000 0.000 -0.000 34.206 0.229 116.654
0.000 0.000 -0.000 38.159 1.719 113.732
-970.546 88.730 -699.783 43.831 -3.209 114.248
-1095.887 9.170 -947.881 43.831 -19.022 99.809
-1061.881 56.911 -608.921 36.154 -44.977 89.840
-1067.902 61.092 -921.087 29.450 -80.214 79.011
-1053.726 80.994 -909.452 27.559 -119.347 68.010
-1039.014 97.967 -899.131 27.559 -160.543 56.207
-1022.126 115.677 -889.160 28.190 -205.577 45.779
-986.160 143.799 -438.580 32.716 -250.956 35.065
-978.207 151.324 -544.549 40.336 -299.542 24.523
-972.762 154.621 -567.497 46.696 -343.030 16.558
-964.557 160.065 -509.327 54.259 -379.756 10.485
-968.524 157.144 -694.461 62.624 -411.899 5.959
-973.526 150.734 -723.055 82.219 -446.506 -1.261
-974.097 147.868 -727.561 94.423 -482.889 -6.589
-983.677 135.242 -856.372 92.991 -517.381 -11.287
-994.207 118.735 -905.318 89.553 -541.273 -13.980
-1003.375 107.297 -942.394 91.788 -561.040 -17.647
-1017.619 85.018 -1021.269 97.747 -581.037 -21.601
-1031.058 66.492 -1066.022 104.508 -597.595 -25.726
-1046.275 39.357 -1102.847 103.190 -608.195 -28.361
-1060.817 11.861 -1142.069 98.893 -617.247 -28.304
-1073.975 -2.748 985.218 90.928 -622.461 -29.049
-180.000 -110.806 -29.769 70.359 -616.273 -6.245
-62.005 59.498 -29.744 22.403 -576.911 16.845
-63.171 94.839 -30.585 -22.632 -523.282 33.518
-62.306 131.841 -33.653 -68.812 -471.831 46.811
-60.138 172.454 -37.443 -106.456 -405.425 54.775
-55.486 203.352 -39.646 -140.890 -338.217 57.869
-48.468 228.636 -43.066 -176.013 -278.687 60.046
-39.363 254.679 -48.714 -235.142 -214.630 54.546
-26.075 277.167 -47.172 -295.302 -134.702 41.941
-8.310 321.577 -46.075 -309.283 -57.238 26.127
10.912 335.847 -57.549 -322.403 16.157 35.294
30.544 345.621 -51.258 -205.176 139.000 -388.924
46.155 360.786 -98.236 1695.210 -1647.827 -1126.435
66.610 433.552 129.760 858.749 1780.409 -755.789
232.880 485.721 350.237 445.131 1754.454 -446.735
570.240 448.423 749.671 579.661 1754.110 -470.513
724.344 389.611 973.290 -1076.817 -1658.140 -336.154
870.532 313.049 1293.351 -1691.601 -1440.817 -236.746
976.054 243.523 -827.672 -1494.331 -1464.480 399.237
-1088.938 146.744 -827.534 -1284.228 -881.438 520.647
-1002.736 77.894 -807.656 -1397.845 -719.807 509.245
-908.618 15.483 -892.781 -1452.162 -454.871 493.890
-817.850 -25.079 -925.477 -1505.217 -194.462 458.366
-735.810 -46.483 -1003.771 -1549.106 107.200 421.067
-659.218 -57.774 -1003.028 -1550.309 351.796 381.303
-581.023 -69.353 -989.209 -1499.774 573.531 361.594
-512.171 -87.648 -920.070 -1416.466 855.999 359.474
-402.264 -163.645 -2831.456 -1332.299 1123.169 338.733
-427.169 -219.292 -883.736 -1231.401 1255.637 325.555
-239.349 -348.090 -3692.618 -1081.114 1426.149 312.434
-793.431 -575.568 -5390.224 -929.051 1559.706 308.939
-842.838 -465.421 -5559.490 -782.603 1654.645 274.733
-864.261 -333.055 -1718.592 150.860 1001.358 344.577
-907.469 -213.012 1090.577 1431.764 -329.795 591.808
-1008.626 -163.081 744.809 1413.659 -631.113 542.935
1028.497 -143.647 -3.426 1354.358 -888.944 527.465
904.625 -159.925 -61.068 447.423 -528.153 335.753
-1175.166 -158.604 -849.281 -1372.291 705.196 167.074
-998.803 -120.419 123.500 -1433.540 733.615 133.728
-903.921 -50.399 -55.872 275.249 -613.867 224.714
-902.990 -76.893 190.608 575.364 -674.887 240.986
-934.353 -116.904 138.972 597.137 -620.170 204.832
-966.686 -158.397 113.265 497.843 -381.074 190.623
-985.640 -176.706 139.553 -50.478 227.579 83.022
-986.885 -165.538 141.322 -81.016 278.228 94.481
-971.124 -134.874 153.224 -167.647 308.538 82.391
-964.181 -115.114 166.955 -234.855 328.076 68.583
-953.692 -97.289 181.756 -193.832 453.840 105.424
-954.359 -68.931 824.691 354.031 497.385 98.893
-975.470 -71.429 452.085 -100.726 -103.476 191.941
-968.829 -78.634 506.988 -204.947 -18.277 172.747
-960.034 -81.466 561.234 -187.013 98.606 185.524
-955.070 -78.172 681.728 81.475 131.608 124.103
-971.281 -79.613 498.032 301.949 -76.032 116.941
-990.348 -85.134 377.395 72.365 38.445 102.903
-990.510 -87.030 442.215 279.317 -61.708 -0.458
-1005.489 -85.280 239.075 26.814 32.200 -39.362
-1004.420 -81.913 257.187 -76.490 21.142 4.526
-996.635 -81.148 271.823 -174.867 10.141 0.286
-989.024 -81.248 291.493 266.082 5.386 29.966
-988.188 -87.431 221.339 -132.181 23.262 50.420
-980.531 -84.972 413.596 -92.017 125.879 47.727
-977.431 -82.854 445.592 60.103 -165.699 70.302
-987.381 -92.389 240.970 259.206 40.107 76.433
-995.419 -88.731 476.637 -141.750 14.897 38.102
-995.559 -92.452 339.251 38.445 -38.847 37.930
-995.767 -94.460 321.185 -77.235 67.724 2.464
-995.102 -91.228 371.280 136.249 -95.627 57.353
-997.720 -92.996 377.416 -19.423 -19.309 52.368
-999.868 -97.211 317.115 53.514 31.226 45.206
-998.978 -97.373 425.926 -69.614 35.810 102.044
-1002.866 -100.538 467.348 -15.183 -2.063 117.113
-999.655 -104.334 475.632 -17.533 44.805 100.841
-1004.087 -105.909 507.750 93.220 9.053 105.768
-1008.500 -108.469 495.322 8.938 15.069 88.064
-1011.527 -108.889 328.562 -117.628 -21.486 96.142
-1011.420 -114.253 492.391 41.482 7.735 111.555
-1018.077 -116.824 524.746 70.474 27.559 107.487
-1020.972 -121.694 503.684 70.989 55.119 127.655
-1022.893 -125.974 512.859 -53.915 -19.079 101.070
-1024.860 -128.206 544.997 13.350 51.452 104.106
-1030.406 -130.134 585.642 18.220 -149.657 144.672
-1035.606 -136.027 558.572 -61.020 -2.578 65.145
-1028.699 -142.496 363.818 44.232 9.397 78.094
-1033.927 -144.292 527.081 23.262 41.310 81.475
-1037.284 -139.253 622.510 28.934 88.637 123.759
-1044.146 -143.507 657.893 -68.526 -136.192 168.163
-1047.554 -148.884 592.974 86.345 115.107 110.753
-1056.413 -148.423 701.191 -2.865 72.536 143.469
-1058.744 -151.998 689.161 -104.450 -146.219 154.183
-1058.744 -152.556 430.454 239.382 -40.909 90.413
-1055.955 -170.016 435.955 -72.193 104.508 64.802
-1052.284 -166.962 642.459 -98.434 103.476 73.224
-1049.080 -165.943 652.282 -4.125 38.675 86.574
-1067.156 -172.022 453.249 347.671 -150.459 80.902
-1074.947 -177.694 455.659 -273.014 122.269 91.960
-1072.653 -173.819 466.583 167.361 1.146 75.344
-1076.084 -184.534 465.164 2.177 -226.777 116.139
-1078.701 -193.670 560.354 66.119 132.697 121.352
-1080.886 -189.409 795.049 -216.292 44.118 134.702
-1081.741 -192.849 729.913 182.716 -136.307 126.566
-1090.823 -202.335 584.800 -117.628 46.696 88.866
-1086.590 -202.726 730.454 -88.579 104.966 168.621
-1089.719 -202.755 884.303 154.240 -60.905 185.925
-1100.302 -214.990 726.099 4.068 -36.841 191.998
-1096.040 -216.853 900.502 -57.468 55.004 180.768
-1097.898 -222.036 827.583 81.360 -105.825 166.158
-1102.932 -232.927 757.193 -68.468 158.595 184.263
-1103.855 -232.515 1000.841 103.018 -177.044 237.262
-1109.780 -245.856 842.527 -16.673 46.123 238.981
-1112.444 -246.372 1054.266 -86.689 57.754 283.614
-1112.291 -244.183 1129.814 144.672 75.688 267.457
-1127.500 -245.972 1067.894 -231.360 -408.347 197.670
-1121.224 -255.634 825.189 62.166 113.388 222.308
-1128.990 -253.998 1117.399 -16.501 58.957 239.783
-1133.449 -250.135 1148.658 -62.853 4.756 259.263
-1134.919 -248.539 690.924 39.248 141.578 309.913
-1151.190 -242.668 715.953 -95.741 -269.004 291.177
-1156.046 -236.487 728.614 75.287 238.809 158.709
-1164.857 -221.409 1185.394 -38.159 122.613 210.619
-1165.836 -217.296 1123.133 -24.523 -195.837 190.566
-1166.891 -230.142 764.920 4.641 -238.637 206.609
-1175.153 -227.011 1137.106 -147.365 24.236 111.326
-1175.153 -221.210 784.993 95.397 40.737 121.123
-1174.852 -218.557 794.920 -20.054 -86.459 145.760
-1181.932 -218.888 800.898 44.805 43.659 151.777
-1180.594 -218.382 803.131 -42.112 -5.099 116.253
-1189.000 -214.866 824.652 63.083 75.287 149.828
-1189.541 -212.997 829.315 -50.306 -47.727 118.373
-1195.928 -208.253 846.418 80.386 3.953 141.234
-1200.819 -207.354 1138.468 -0.344 -52.483 115.165
-1209.108 -209.484 1089.660 -6.303 5.042 123.014
-1205.663 -201.984 1199.592 -99.981 8.652 175.898
-1220.054 -200.927 1286.077 108.805 -55.634 201.108
-1221.981 -196.151 1280.767 -47.842 146.677 192.055
-1229.146 -187.694 1372.712 40.451 -134.588 245.341
-1238.696 -188.594 1424.075 -6.303 90.298 238.064
-1244.216 -174.036 1442.017 -23.205 -78.782 231.532
-1252.375 -171.158 1429.788 22.059 -14.668 236.574
900.378 -158.051 1478.083 51.337 138.656 259.894
892.060 -152.136 1574.444 -42.685 -37.300 293.469
891.687 -141.322 1552.513 -4.526 49.733 224.256
889.947 -131.362 1483.133 -16.215 -31.914 200.363
890.118 -125.515 1397.038 19.882 33.862 136.593
893.840 -120.772 1071.112 2.807 -8.193 149.542
893.730 -114.997 1082.003 18.850 5.329 169.710
894.751 -109.636 1057.268 -8.308 -12.834 138.197
894.781 -106.648 1098.967 -29.908 -42.170 169.080
890.559 -104.237 1417.042 22.231 80.214 128.171
894.288 -104.510 1128.987 -26.700 -101.757 105.711
893.187 -101.591 -834.829 -64.859 -31.799 101.242
896.415 -103.504 -859.354 48.472 -25.611 12.777
900.647 -102.459 -1019.876 -70.760 74.542 -4.469
902.652 -106.925 -999.972 76.433 -42.972 0.229
910.005 -106.121 -1079.219 -95.741 103.304 -21.715
913.375 -105.388 -1032.525 134.072 -3.037 11.746
917.342 -106.651 -983.623 -0.859 7.850 1.547
919.971 -105.439 -941.289 -6.704 -14.840 57.009
922.847 -104.718 -916.407 3.724 -20.455 92.647
925.191 -105.395 -873.183 -4.870 5.500 27.215
929.906 -104.311 -1003.014 9.740 2.349 16.788
933.714 -104.655 -1005.269 -8.652 10.714 -7.792
938.756 -104.404 -1070.560 0.745 -15.241 -30.195
944.184 -104.930 -1075.635 6.933 6.131 -16.329
951.164 -104.854 -1086.932 0.745 -5.615 -3.610
954.753 -104.854 -1033.877 -0.802 0.115 2.063
957.891 -104.935 -1046.754 -3.552 2.464 6.532
958.105 -104.795 -1043.846 -2.750 3.209 -0.115
957.933 -104.847 -1039.194 6.303 -6.016 -2.636
958.728 -104.724 -1054.051 3.839 -1.948 -1.432
959.130 -104.604 -1049.276 -0.917 1.948 -0.229
959.304 -104.549 -1048.311 -4.985 6.073 1.146
959.188 -104.541 -1047.281 -1.604 1.375 -0.286
959.079 -104.553 -1049.069 6.360 -3.667 -1.776
959.196 -104.548 -1050.921 4.526 -4.756 -0.286
959.285 -104.485 -1052.764 -1.490 -0.630 -0.115
959.260 -104.521 -1054.477 -0.516 0.115 0.286
967.314 -102.156 -1211.462 -2.636 2.578 -0.115
967.338 -102.197 -1063.184 -5.787 5.558 -0.516
967.855 -102.225 -1075.589 3.151 -2.120 0.573
967.884 -102.225 -1065.871 0.516 -0.917 -0.229
967.892 -102.217 -1068.778 -1.776 -0.344 -0.172
967.916 -102.301 -1071.065 -2.865 3.495 -0.286
967.913 -102.315 -1073.419 -1.203 0.115 -0.859
972.150 -101.257 -1154.451 3.323 -3.495 0.917
972.243 -101.263 -1077.670 1.604 -2.636 -1.432
972.324 -101.205 -1081.260 -1.432 0.401 0.401
973.712 -100.635 -1111.004 -3.896 1.948 -0.802
973.683 -100.737 -1084.904 -2.979 1.203 0.000
973.683 -100.737 -1086.385 1.948 -1.948 -0.057
973.779 -100.714 -1088.236 0.229 -0.573 -0.344
973.672 -106.552 -1089.987 5.271 -3.953 -0.172
973.783 -112.639 -1091.833 4.870 -5.959 -0.286
973.793 -118.687 -1093.577 -0.859 -0.630 -0.401
973.805 -131.191 -1093.457 -2.349 -0.057 1.261
973.764 -137.303 -1097.601 -3.896 2.235 0.516
985.642 -136.174 -1330.331 1.490 -3.724 0.344
985.802 -142.035 -1110.892 1.089 -0.802 -1.146
985.828 -147.930 -1109.308 2.693 -5.558 1.146
986.027 -152.701 -1117.916 -1.261 0.172 -2.063
986.080 -158.732 -1115.931 0.172 -0.458 1.490
986.080 -158.732 -1115.559 -5.329 2.750 -0.573
986.060 -164.638 -1117.280 -8.824 7.735 -0.458
986.110 -170.359 -1119.196 -4.698 4.240 1.776
986.062 -176.173 -1120.920 -1.604 3.953 -2.578
988.866 -185.198 1035.396 5.730 -3.495 1.891
988.866 -185.198 1037.847 -4.125 -24.351 28.476
988.172 -191.075 1040.219 -0.286 43.545 42.857
987.013 -197.186 -1071.387 -17.303 27.903 22.173
987.703 -201.378 -1147.365 -19.251 -14.954 -11.803
988.279 -207.032 -1162.739 -16.960 -46.696 16.558
988.254 -213.282 -1119.211 -8.480 -4.870 37.357
988.512 -219.068 -1134.656 -9.397 35.409 -5.386
988.425 -225.612 -1112.732 -9.511 25.382 -22.861
991.203 -229.807 63940.250 -18.048 -27.273 35.122
990.032 -235.980 -64041.203 4.469 -16.558 28.190
989.902 -239.022 -1105.263 2.406 -30.080 28.934
989.974 -238.804 -1133.784 -27.617 -11.459 -12.605
990.253 -244.365 -1135.907 -25.497 22.918 20.913
990.280 -249.144 1026.581 -14.267 45.092 40.680
988.789 -254.691 -64054.441 -12.548 1.146 26.241
989.704 -259.598 -1115.247 92.590 -22.231 4.870
991.427 -261.359 -1185.277 -105.424 -22.460 -43.545
991.099 -269.598 63965.914 14.668 82.678 -28.705
990.989 -268.628 933.969 -85.543 -58.671 -39.706
994.350 -272.700 942.404 158.881 -51.051 -8.995
993.562 -284.721 1015.020 -121.983 86.001 29.278
993.110 -282.352 1133.136 166.158 -23.262 57.582
992.122 -292.177 -63980.375 -79.870 -3.667 115.050
989.431 -286.845 -916.302 19.194 95.970 121.696
986.492 -287.482 -912.968 20.397 -87.892 72.536
986.492 -286.572 -1118.870 -51.108 -76.261 80.959
982.405 -293.112 -1124.324 -56.207 -69.614 35.867
979.759 -301.970 -1035.577 127.712 142.953 36.039
982.338 -301.902 -1122.393 -132.411 -171.544 8.938
981.015 -307.224 -1085.324 99.924 101.929 58.327
978.202 -309.679 -1133.891 -118.545 -121.238 51.394
978.238 -310.666 -1098.620 -67.036 171.085 -27.158
975.625 -317.543 -1098.644 119.805 -148.167 -78.381
978.426 -326.432 -1134.554 -106.513 137.567 -117.915
981.678 -329.469 -1111.240 12.949 -185.868 -131.437
981.844 -333.704 -1127.997 -61.536 101.356 -143.297
994.768 -331.559 -1140.566 166.272 -166.330 -178.476
994.731 -333.696 1007.515 -142.151 201.796 -175.726
1001.315 -338.725 675.096 41.024 -84.397 -124.275
1008.424 -336.705 779.045 -123.358 56.322 -113.961
1014.711 -335.156 812.641 175.955 -26.585 -74.943
1008.369 -333.819 894.191 -252.101 166.673 18.736
1019.852 -336.717 950.078 40.565 -170.340 -13.923
1016.628 -346.434 983.084 82.219 -42.227 -23.663
1009.622 -339.011 996.090 4.927 218.469 7.162
1013.405 -334.659 1005.253 37.586 -186.211 36.268
1009.996 -334.852 1021.472 -24.293 176.127 5.558
1010.212 -334.664 977.794 -98.835 -2.177 14.840
1014.774 -330.031 1009.323 168.679 9.855 69.901
1007.947 -334.378 995.996 36.669 -32.716 78.438
1007.163 -332.879 992.420 30.252 -44.633 84.339
999.046 -334.545 1021.361 -39.477 132.468 86.803
1000.822 -336.044 985.460 -96.543 -248.435 106.685
998.130 -331.496 1023.876 181.398 -41.654 104.278
990.528 -338.050 1033.349 -51.623 113.446 111.154
983.050 -336.548 -1121.609 -103.591 53.170 67.093
988.247 -331.878 -1117.062 -19.882 -191.769 34.435
986.133 -333.555 -1114.836 63.025 84.626 51.108
981.167 -331.132 -1056.319 -33.403 79.469 11.688
984.273 -329.529 -1078.282 62.395 -72.135 9.740
982.685 -332.160 -1085.242 -9.397 26.528 5.901
982.379 -329.620 -1129.085 6.933 32.487 -38.904
983.106 -330.886 -1187.945 42.571 -1.261 -32.258
987.593 -333.467 -1253.893 -43.086 24.122 -124.446
989.131 -330.075 -1360.699 -42.284 -53.113 -115.222
987.689 -330.192 -1100.876 115.852 62.510 -116.654
994.448 -335.077 994.832 -189.133 -97.632 -84.626
995.947 -335.150 1043.450 47.842 -64.916 -18.449
993.533 -333.754 1028.266 -11.516 97.403 34.607
996.929 -334.104 1016.354 17.819 -53.400 44.232
994.403 -334.797 1023.298 -125.019 -50.306 67.208
992.941 -332.392 1062.827 85.371 0.172 70.245
989.448 -330.608 -1107.483 151.433 56.608 81.990
986.719 -336.986 -1127.954 -157.793 -7.391 110.810
981.003 -334.768 -1101.808 82.105 71.964 71.792
984.032 -331.963 -1115.962 -74.599 -35.753 56.837
979.847 -334.074 -1102.358 52.196 42.972 1.547
978.832 -332.231 -1105.413 -13.235 4.927 41.482
978.494 -332.564 -1110.054 2.406 99.179 22.116
975.500 -332.368 -1113.693 -69.729 -147.709 -16.387
974.523 -331.268 -1036.867 10.829 43.946 52.769
972.436 -331.518 -1106.023 80.386 26.413 9.798
969.937 -329.346 -1108.166 -83.480 8.537 5.558
972.626 -329.635 -1105.230 76.490 -25.611 -27.731
971.080 -329.600 -1103.024 31.341 119.175 15.355
972.452 -330.549 -1131.834 -35.924 -53.572 -29.794
975.329 -330.867 -1108.628 -24.236 -34.549 -31.226
974.406 -333.575 -1127.800 -38.503 -44.863 -20.569
974.980 -331.251 -1102.228 111.669 75.802 -72.365
974.625 -334.552 -1125.154 33.461 110.180 -33.232
979.400 -333.822 -1138.203 -27.846 -101.242 -67.666
979.064 -336.773 -1142.622 -58.900 -26.986 -6.818
976.910 -336.667 -1051.624 62.338 -17.590 -38.961
978.989 -335.391 -1136.454 37.242 65.776 -2.464
977.624 -338.643 -1162.123 -70.474 -19.767 -60.390
980.953 -338.316 -1142.301 9.740 -3.266 -135.447
982.723 -338.078 -1153.839 111.899 49.618 -170.741
990.112 -340.792 -1181.517 -104.679 -89.782 -173.262
991.259 -342.081 982.673 73.339 -12.949 -87.663
997.684 -340.045 967.937 -40.279 25.382 -108.977
999.534 -342.604 971.221 -12.376 42.743 -67.552
1003.639 -340.976 970.067 65.374 -19.939 -70.989
1007.659 -341.495 947.537 -58.213 30.997 -124.618
1013.549 -343.396 969.220 -124.905 -106.226 -64.630
1017.429 -339.110 963.664 81.417 -34.549 -4.354
1019.730 -341.105 949.703 -7.907 60.676 30.424
1018.285 -341.828 955.260 19.595 1.203 55.978
1015.638 -341.505 956.825 -30.539 -38.847 110.524
1009.181 -342.883 996.115 -7.277 -29.966 120.436
1002.400 -340.826 986.837 87.663 125.535 116.883
998.127 -339.752 982.422 -42.227 -61.536 140.031
996.271 -342.655 997.096 -15.814 -61.765 185.352
989.862 -339.441 1016.665 85.829 40.966 156.933
981.934 -337.604 -1141.578 45.378 -1.089 140.489
978.609 -344.386 -1132.251 -115.737 51.681 149.714
977.767 -335.301 -912.117 106.857 -18.105 85.772
969.301 -335.534 -897.156 -56.666 4.125 98.778
970.135 -328.010 -959.063 17.533 44.462 78.896
967.042 -326.765 -962.042 5.099 -51.108 46.639
966.005 -324.925 -971.579 -117.571 -121.524 94.252
961.496 -318.870 -943.142 104.794 128.343 67.838
961.087 -317.704 -984.056 -78.151 -110.753 28.934
960.069 -315.619 -1064.050 -49.962 -55.691 13.694
956.501 -314.191 -1097.872 43.545 131.494 -48.931
962.538 -315.228 -1125.730 -25.898 -114.592 -42.685
965.534 -319.090 -1095.297 7.620 -33.690 -30.080
960.343 -321.606 -1092.990 81.016 170.283 11.058
966.100 -321.017 -1132.019 -99.752 -55.863 -46.524
966.209 -319.238 -1095.671 184.951 -34.377 -91.616
965.002 -323.896 -1115.688 -12.376 161.230 -149.657
972.320 -331.958 -1132.437 -111.154 -109.836 -132.239
975.690 -330.453 -1134.403 141.750 42.743 -171.257
981.409 -340.172 -1160.141 -133.327 4.011 -115.279
985.965 -339.951 -1154.620 92.418 -29.908 -127.082
985.667 -339.756 -1160.528 7.850 119.977 -91.329
989.658 -341.455 -1190.237 45.149 86.459 -180.711
995.929 -347.509 964.075 -148.052 -43.487 -78.323
997.786 -339.366 973.040 154.870 5.214 -19.710
1005.268 -343.681 947.664 -132.984 -127.540 6.933
998.838 -349.731 972.302 -85.084 59.874 61.822
1000.224 -341.953 969.897 45.149 12.261 97.575
1004.125 -340.660 974.491 -2.292 -97.116 99.981
995.384 -345.520 -1183.110 -142.724 -68.984 126.108
992.452 -340.525 -1154.620 104.508 3.438 87.032
989.716 -340.306 -1161.628 11.803 31.627 47.555
986.019 -343.587 -1165.147 84.683 13.923 19.824
990.558 -341.109 -1196.505 -85.829 -17.533 -3.839
988.789 -342.755 -1166.641 -92.819 -111.784 19.939
989.582 -339.160 -1167.634 83.709 13.808 -6.188
983.952 -338.669 -1094.976 70.703 148.511 18.965
985.251 -339.817 -1177.792 21.028 -2.292 -32.429
991.179 -342.085 -1182.289 -32.372 -120.951 -61.937
985.226 -341.258 -1175.959 48.759 184.378 -63.885
993.875 -341.247 -1234.066 -36.956 -180.940 -162.434
996.219 -348.010 -1176.708 94.767 61.192 -126.051
996.046 -343.723 944.101 -123.702 69.844 -120.550
1007.783 -343.934 941.132 -30.023 -212.281 -109.034
1008.100 -348.656 973.847 115.451 161.689 -53.858
1004.682 -337.377 912.600 -190.222 -129.660 -52.196
1011.774 -340.696 946.161 26.528 60.046 -35.008
-1144.098 -348.526 926.299 -162.548 -327.044 -135.333
1017.887 -341.002 967.531 249.580 33.060 -105.023
1023.712 -348.282 919.944 -164.439 116.654 -56.207
1024.913 -343.555 933.146 -59.931 -58.270 -9.568
-1128.448 -340.254 928.441 -39.076 -165.585 -4.011
-1140.543 -342.073 946.974 142.036 170.340 -54.202
-1143.125 -344.332 925.124 23.778 -81.818 -17.590
-1145.154 -340.608 921.677 -146.333 10.371 39.362
-1144.777 -344.810 932.342 -20.283 -35.466 42.628
-1151.904 -335.610 961.423 277.312 62.338 90.986
-1165.623 -343.449 937.094 -25.783 44.748 158.423
980.879 -338.641 940.076 -187.701 -91.501 155.501
987.385 -340.737 990.886 66.520 220.703 169.939
991.016 -340.669 995.966 180.539 26.700 144.557
990.418 -335.424 972.029 -125.077 -233.881 169.137
991.714 -342.007 -1150.282 183.690 136.421 164.725
989.777 -344.386 -1147.792 -38.503 86.230 160.199
983.735 -336.774 -1177.101 -80.902 121.123 160.887
991.180 -329.118 -1136.184 65.718 -168.106 34.549
981.845 -323.948 -1066.328 59.358 50.821 60.161
973.471 -319.824 -1143.938 -210.218 38.904 19.079
977.661 -316.629 -1126.683 222.995 -65.031 8.136
986.196 -313.122 -1216.734 -99.236 8.709 -26.070
989.153 -320.292 -1130.338 69.328 90.527 4.297
986.821 -313.422 -1147.576 -16.616 -145.302 -7.563
987.228 -312.655 -1132.039 32.544 58.671 28.648
984.118 -311.895 -1148.099 -77.808 -52.884 -58.785
