0.000 5.743 -0.000 -8.995 -7.735 0.802
0.000 22.377 -0.000 -9.454 -3.209 2.235
0.000 22.377 -0.000 -9.282 3.438 3.953
0.000 49.008 -0.000 -7.850 16.329 4.813
0.000 84.741 -0.000 -8.308 36.326 6.474
0.000 128.683 -0.000 -8.881 62.166 7.334
0.000 179.940 -0.000 -9.053 96.085 8.422
0.000 237.618 -0.000 -7.506 143.469 8.766
0.000 300.824 -0.000 -4.125 199.160 9.397
0.000 368.662 -0.000 -7.620 264.477 9.798
0.000 440.240 -0.000 -3.839 335.295 10.657
0.000 514.663 -0.000 -1.833 410.009 11.173
0.000 591.038 -0.000 0.344 489.822 11.631
0.000 668.470 -0.000 2.922 569.864 12.032
0.000 746.066 -0.000 4.183 642.286 14.037
0.000 822.932 -0.000 5.730 714.135 11.230
0.000 898.174 -0.000 12.376 799.276 15.756
0.000 970.897 -0.000 11.459 875.136 14.209
0.000 1040.209 -0.000 17.074 949.792 17.246
0.000 1105.215 -0.000 20.569 1020.037 15.355
0.000 1165.021 -0.000 24.924 1085.182 18.105
0.000 1218.733 -0.000 29.794 1144.827 16.272
0.000 1265.458 -0.000 33.919 1198.227 20.512
0.000 1304.301 -0.000 40.394 1247.272 18.850
0.000 1334.368 -0.000 39.133 1298.552 19.824
0.000 1354.767 -0.000 42.571 1337.226 20.798
0.000 1364.602 -0.000 46.352 1374.297 20.455
0.000 1359.641 -0.000 52.540 1394.808 23.319
0.000 1359.641 -0.000 61.478 1400.996 22.002
0.000 1343.007 -0.000 60.676 1392.459 25.840
0.000 1280.644 -0.000 69.614 1370.229 23.663
0.000 1280.644 -0.000 71.906 1337.742 27.215
0.000 1236.701 -0.000 77.865 1291.160 26.184
0.000 1185.444 -0.000 79.584 1245.266 28.820
0.000 1127.766 -0.000 80.844 1192.669 29.278
0.000 1064.561 -0.000 84.339 1142.191 30.596
0.000 996.722 -0.000 88.236 1087.818 32.200
0.000 925.144 -0.000 90.012 1032.241 32.945
0.000 850.721 -0.000 96.257 972.252 33.747
0.000 774.346 -0.000 100.554 910.545 33.575
0.000 696.914 -0.000 97.403 855.025 32.429
0.000 619.318 -0.000 92.934 794.864 32.315
0.000 542.452 -0.000 90.355 730.120 32.544
0.000 467.211 -0.000 86.631 665.261 30.481
0.000 394.487 -0.000 84.798 599.486 31.283
0.000 325.176 -0.000 84.282 538.867 29.679
0.000 260.170 -0.000 81.933 470.971 33.232
0.000 200.364 -0.000 83.709 406.399 31.398
0.000 146.652 -0.000 92.246 327.961 36.956
0.000 146.652 -0.000 101.528 232.048 34.950
0.000 99.927 -0.000 114.420 131.035 36.784
0.000 61.084 -0.000 97.689 6.073 33.232
0.000 31.016 -0.000 58.270 -85.142 39.477
0.000 10.618 -0.000 17.704 -156.647 40.966
-51.559 -92.183 -111.896 -20.397 -196.811 46.009
-48.369 -80.898 -131.239 -62.452 -218.010 52.827
-42.386 -68.302 -137.212 -116.368 -232.220 49.389
-33.806 -54.308 -125.390 -159.053 -232.449 42.915
-23.453 -40.177 -101.079 -187.357 -227.693 34.836
-12.074 -27.113 -80.802 -186.899 -216.693 33.346
-1.218 -14.212 -66.881 -176.242 -190.107 32.487
9.223 -3.797 -83.864 -162.204 -147.651 32.028
18.527 4.469 -28.296 -144.042 -94.996 30.195
26.662 9.405 -51.508 -113.159 -54.087 26.299
26.759 9.774 1.939 -70.760 -18.965 24.179
33.209 12.897 -0.747 -26.471 8.938 25.669
36.433 13.283 -3.617 19.079 31.226 33.002
36.839 12.494 -38.698 59.759 44.175 42.800
34.535 11.149 -59.067 95.913 42.800 51.623
29.800 8.819 -19.372 115.336 27.445 58.213
23.830 8.599 -218.051 121.066 5.672 61.306
16.657 7.737 -33.891 120.665 -23.147 60.332
9.338 9.095 -54.923 116.081 -55.290 62.452
2.098 12.329 -45.486 107.773 -84.454 66.520
-4.898 17.096 -19.901 99.294 -97.804 71.161
-11.566 22.973 -50.443 85.600 -100.955 72.823
-17.510 29.788 -65.672 77.636 -96.944 70.760
-22.903 35.221 -22.526 79.870 -83.079 66.635
-28.298 40.989 -77.847 82.850 -67.036 63.827
-33.783 45.152 -19.529 83.824 -51.108 59.817
-39.629 48.837 -93.246 82.105 -38.617 57.983
-45.361 51.369 -70.002 82.735 -24.465 56.035
-51.051 53.059 -54.013 77.922 -18.736 55.176
-56.731 53.994 -79.175 70.588 -12.605 54.603
-62.005 54.945 -68.953 59.358 -8.938 54.374
-66.724 55.066 -82.784 47.842 -4.927 52.483
-70.869 55.178 -110.001 34.435 -4.354 48.759
-74.258 55.010 -94.853 25.038 0.859 43.717
-76.508 54.756 -68.890 11.516 3.610 39.362
-78.286 54.164 -94.861 4.985 5.099 35.351
-79.268 53.558 -71.914 0.974 10.371 32.544
-79.871 52.765 -72.567 -10.772 13.522 33.002
-79.802 51.569 -64.688 -13.866 19.710 30.768
-79.227 50.163 -51.194 -19.882 27.617 28.361
-78.799 48.593 -103.975 -23.720 31.513 24.924
-76.189 45.675 82.105 -30.424 33.461 21.429
-74.586 43.565 -55.143 -38.159 34.034 21.314
-72.912 41.557 -99.737 -46.581 33.862 21.543
-68.768 38.093 76.988 -55.004 36.727 20.913
-65.897 35.823 -79.214 -62.338 40.508 20.798
-62.273 33.291 -60.867 -71.792 42.800 15.986
-57.927 30.328 -50.667 -80.157 45.837 10.542
-52.662 27.332 -24.721 -83.881 56.093 1.547
-47.537 24.023 -68.617 -89.038 67.093 -4.985
-42.898 20.646 -118.180 -93.908 76.891 -11.058
-37.560 16.582 -95.190 -92.590 84.168 -16.215
-32.215 12.003 -104.947 -88.064 84.225 -20.913
-26.897 6.920 -92.818 -74.886 84.339 -24.236
-22.017 1.856 -82.694 -58.213 79.870 -27.731
-18.554 -2.732 -108.907 -47.212 74.313 -29.335
-15.397 -7.465 -79.065 -38.388 63.312 -31.685
-12.882 -11.612 -79.582 -29.679 56.436 -34.377
-11.384 -14.733 -102.867 -26.241 48.931 -36.669
-9.776 -17.927 -73.366 -19.423 40.623 -39.133
-8.594 -20.405 -75.700 -16.960 33.174 -41.196
-7.735 -22.726 -75.670 -16.100 29.164 -42.055
-6.994 -24.656 -73.432 -22.116 22.116 -42.399
-5.917 -26.233 -70.863 -26.241 17.189 -42.112
-5.047 -27.421 -68.793 -27.846 16.673 -42.743
-3.467 -28.602 -66.164 -32.544 15.413 -42.342
-1.701 -29.654 -63.619 -33.232 14.037 -41.654
1.497 -31.510 14.173 -31.455 14.610 -41.425
3.356 -32.425 16.005 -30.653 9.912 -40.623
4.677 -32.907 7.329 -28.820 5.214 -39.878
6.103 -33.510 17.086 -22.403 4.927 -38.961
6.937 -33.742 11.796 -18.277 2.464 -37.987
7.109 -33.816 -48.297 -10.943 -0.229 -36.039
8.577 -34.064 18.866 -13.694 -4.584 -35.180
8.577 -34.068 -49.831 -11.574 -2.063 -33.919
9.240 -34.109 -42.982 -13.063 -0.745 -32.888
9.929 -34.215 -40.849 -11.230 -3.323 -32.143
10.475 -34.045 -43.283 -11.058 -10.600 -31.226
11.085 -33.956 -40.099 -7.105 -5.042 -29.966
11.352 -33.667 -41.049 -7.620 -5.271 -29.221
11.839 -33.429 -34.196 -7.162 -10.714 -28.820
12.425 -33.054 -31.642 -5.157 -13.293 -28.934
12.441 -32.565 -36.026 -6.360 -12.319 -27.559
12.771 -31.928 -31.897 -4.297 -10.313 -26.241
13.325 -31.387 -26.275 -3.724 -9.397 -24.924
13.150 -30.701 -33.744 1.604 -11.345 -22.746
13.516 -30.220 -23.970 -2.349 -7.448 -22.345
13.672 -29.781 -25.880 -0.630 -3.323 -21.658
13.963 -29.704 -21.387 -1.375 0.000 -20.512
13.854 -29.784 -22.603 1.719 0.859 -20.340
13.705 -29.675 -25.193 0.573 1.604 -19.767
13.797 -29.841 -18.632 3.323 -2.636 -19.481
13.835 -29.824 -19.607 2.063 -8.079 -17.246
13.667 -29.489 -19.722 3.953 -10.256 -16.902
13.727 -29.015 -17.008 3.610 -12.720 -15.527
13.846 -28.319 -17.519 3.896 -15.986 -14.782
13.735 -27.404 -18.344 2.063 -14.095 -13.636
13.635 -26.533 -16.446 0.802 -11.631 -13.636
15.044 -26.462 -1.637 0.458 -9.454 -13.063
15.123 -26.034 -11.465 0.630 -8.824 -12.605
16.198 -25.202 -18.607 0.630 -6.532 -12.089
16.431 -24.595 -15.744 1.261 -4.469 -11.688
16.859 -24.523 -7.941 2.235 -4.813 -10.772
16.704 -23.666 -21.660 7.277 -5.787 -10.084
16.528 -23.273 -12.253 6.589 -7.277 -9.626
-12.877 -27.504 -0.357 9.339 -9.855 -9.053
-8.776 -30.320 -7.337 4.412 -9.912 -7.448
-7.973 -29.868 -24.476 -9.225 -13.694 -6.474
-4.796 -26.292 -12.975 -20.111 -13.293 -6.417
-0.130 -25.531 -9.647 -24.351 -17.361 -5.443
2.728 -24.855 -9.175 -27.502 -12.949 -5.901
2.976 -23.909 -0.184 -22.002 -15.584 -5.443
-1.267 -22.737 -5.567 -14.840 -15.355 -4.584
1.439 -22.165 -13.668 -6.131 -13.006 -3.724
6.231 -21.122 -8.642 -0.344 -9.339 -3.209
10.774 -20.336 -21.386 3.094 -5.844 -2.807
20.727 -19.912 -12.373 11.631 -2.865 -3.724
22.542 -18.949 -7.604 19.366 -4.183 -2.865
26.085 -20.439 -0.145 24.293 -1.375 -3.037
23.672 -20.670 -6.726 29.622 1.432 -0.745
26.260 -20.501 -35.466 32.659 1.318 -0.745
34.617 -18.336 -32.130 29.278 1.089 -1.375
34.172 -14.901 2.154 32.487 -2.578 -2.120
33.520 -17.415 9.837 35.753 -9.568 -0.401
35.475 -21.702 -5.634 39.419 -8.251 2.464
31.541 -21.003 7.013 37.414 -7.105 5.901
23.807 -20.937 18.750 32.716 -6.818 5.901
21.973 -24.247 -6.265 30.825 -4.870 4.985
18.797 -23.158 -5.363 146.563 -94.137 -15.183
12.504 -24.098 80.343 -26.757 72.766 8.537
-5.309 -27.031 -19.129 27.101 -54.775 -17.303
-10.701 -22.376 -14.728 4.870 -55.863 -19.996
-14.627 -16.402 25.023 -27.445 -39.248 -18.736
-20.778 -14.970 0.648 -53.973 -5.099 -13.063
-20.351 -12.176 1.424 -76.891 6.875 -11.173
-13.061 -13.630 -5.731 -86.230 24.007 -6.933
-10.768 -12.022 14.694 -82.277 28.533 -4.698
-6.701 -16.078 19.693 -69.271 28.705 -3.724
-2.662 -20.288 -1.165 -43.774 35.008 -1.719
1.488 -21.031 -1.555 -14.782 34.836 -0.458
3.438 -22.079 10.840 10.141 28.247 0.000
3.485 -26.275 15.138 33.747 26.241 1.776
-4.026 -25.188 -3.409 53.743 17.762 5.157
-5.535 -26.045 10.255 63.942 2.406 5.959
-8.230 -28.645 1.605 66.177 -12.204 7.506
-9.018 -30.257 -3.394 54.832 -26.929 8.251
-10.186 -28.412 -16.021 30.653 -41.769 9.282
-7.604 -25.945 -7.618 6.532 -48.931 8.881
-7.799 -22.801 8.972 -18.277 -50.649 9.740
-4.394 -23.907 -5.736 -39.477 -46.983 10.428
-0.571 -20.990 -2.883 -54.488 -40.336 10.371
3.968 -18.471 -9.264 -61.306 -31.283 10.199
9.346 -15.166 -5.950 -55.061 -27.731 9.225
14.223 -12.425 -9.724 -42.800 -20.054 7.735
18.875 -9.546 -7.073 -22.116 -14.610 5.730
21.756 -7.318 -3.680 1.833 -10.600 4.526
25.175 -8.492 5.813 30.023 -3.953 3.782
32.377 -16.043 4.877 52.483 3.380 3.839
34.126 -20.296 -0.744 70.875 2.292 5.901
29.484 -19.596 -8.493 81.016 2.349 8.480
23.041 -17.556 1.971 83.365 0.344 8.251
15.772 -19.108 17.105 77.693 -4.125 8.079
9.575 -24.142 9.540 50.993 -0.286 7.620
7.796 -27.950 -4.529 -66.864 181.914 1.891
7.353 -32.328 17.265 52.196 4.870 24.924
12.053 -56.731 -19.925 -45.034 -54.660 15.470
11.090 -47.113 -21.995 -61.994 -44.576 5.500
15.196 -38.721 -12.577 -62.166 -73.281 0.745
17.917 -31.625 -23.404 -44.748 -50.936 7.219
18.673 -19.831 -14.075 -28.075 -66.635 4.584
20.126 -12.786 -8.841 -3.552 -65.031 4.011
19.911 -7.635 -12.007 19.538 -55.119 3.953
14.885 2.188 -19.369 30.997 -57.009 2.235
12.494 10.672 -9.694 53.285 -31.112 0.802
9.113 13.587 -4.523 66.406 -19.939 -1.203
2.192 15.587 -10.963 70.130 -14.381 -3.552
-3.513 17.626 -5.202 67.380 7.162 -2.406
-9.573 17.190 -9.132 49.675 20.397 -3.037
-13.379 17.868 -11.890 26.929 35.237 -1.833
-16.159 17.232 -2.399 -46.811 103.877 1.490
-16.018 10.320 0.486 -180.081 256.227 5.157
-5.471 -5.771 -2.644 104.794 189.592 28.533
-2.475 -25.572 -11.663 -56.207 -102.789 55.176
-10.851 -20.460 -12.253 -72.307 34.435 33.976
-4.545 -18.922 -16.842 -37.013 16.960 22.575
-1.656 -17.536 -17.985 -15.413 -12.204 15.470
-3.121 -14.595 -17.235 -4.584 -37.128 8.308
-2.501 -13.245 -17.955 10.943 -44.748 4.698
-4.891 -8.662 -18.372 44.576 -21.085 -0.859
-6.656 -5.878 -18.479 97.059 38.904 -5.386
-14.869 -12.139 -19.323 15.814 86.116 -5.214
-19.776 -14.153 -17.808 -26.929 -45.206 -8.995
-17.434 -14.317 -14.625 6.875 12.204 3.094
-17.107 -16.404 -26.057 -9.798 9.740 5.787
-16.171 -14.572 -26.769 -10.485 -10.371 3.438
-15.249 -15.010 -22.984 15.527 -3.782 1.432
-16.849 -18.595 -20.136 3.495 13.808 3.094
-17.687 -22.234 -24.778 -6.360 -8.308 1.891
-16.796 -22.527 -19.628 0.802 2.349 -0.802
-17.345 -23.123 -16.291 -0.573 1.375 -0.630
-17.956 -23.225 -18.428 0.745 0.286 1.146
-19.267 -21.344 -12.303 -1.146 1.146 1.203
-23.671 -19.950 -17.791 1.604 -1.833 0.000
-24.229 -20.249 -19.848 -2.636 2.693 -0.745
-23.383 -19.915 -17.418 2.235 -0.573 -0.229
-24.546 -20.768 -18.951 -3.094 0.344 -0.401
-23.458 -19.667 -21.157 -0.286 0.802 -0.401
-21.783 -19.562 -19.945 -1.833 0.688 0.573
-21.421 -20.114 -17.951 -2.464 -1.146 1.031
-21.110 -19.789 -22.481 0.516 0.057 0.630
-20.448 -22.894 -19.343 -0.573 -1.776 0.057
-19.917 -21.616 -17.966 -0.172 0.401 -0.286
-20.637 -21.695 -18.805 0.917 0.344 -0.057
-20.473 -21.499 -20.690 -2.578 0.573 -0.172
-17.946 -20.916 -26.345 3.495 -1.604 -1.031
-14.867 -22.122 -18.877 -1.432 1.375 1.833
-15.444 -21.784 -16.185 -0.802 -1.261 0.458
-15.093 -18.181 -20.102 -0.286 0.688 -1.031
-14.751 -18.203 -19.156 0.630 1.031 1.031
-14.629 -17.734 -18.903 1.146 -1.089 0.630
-13.839 -15.986 -21.009 1.146 1.948 -1.031
-13.197 -16.064 -18.395 0.057 0.573 -0.115
-14.029 -16.095 -18.349 0.630 -0.516 0.000
-15.127 -16.368 -17.924 -0.229 -0.802 1.203
-16.395 -17.257 -19.405 -1.261 1.604 -0.229
-16.157 -17.164 -20.668 0.573 -2.750 0.057
-15.264 -16.672 -20.480 -0.229 2.063 0.286
-14.625 -16.377 -18.850 1.146 0.802 -0.172
-15.839 -17.618 -19.516 -2.406 -1.089 0.859
-15.155 -16.360 -19.664 2.177 1.089 -0.802
-15.433 -17.259 -21.046 -0.516 1.891 -1.719
-15.153 -18.156 -18.995 -1.375 -0.229 0.630
-14.465 -16.137 -19.460 -0.286 -1.604 0.115
-15.222 -17.020 -18.333 -0.401 1.375 1.031
-17.614 -18.800 -16.335 0.917 -2.750 0.458
-18.715 -17.299 -21.432 -1.604 1.547 -1.547
-18.252 -19.335 -21.146 0.401 -0.516 -0.172
-15.146 -14.987 -19.530 0.573 1.547 1.031
-15.487 -13.942 -16.835 1.261 -1.891 -0.286
-15.845 -10.642 -19.524 -0.917 0.859 0.115
-16.101 -11.061 -19.776 -0.458 0.000 -1.146
-16.863 -12.489 -19.524 0.344 -0.516 -0.229
-15.782 -12.429 -24.950 -0.516 -0.917 2.005
-11.826 -11.305 -18.050 -1.375 -0.229 -0.802
-11.512 -7.762 -18.939 -0.573 -0.057 -1.031
-11.919 -7.134 -19.702 0.458 1.261 1.375
-12.354 -6.778 -17.742 1.089 0.917 0.859
-13.573 -6.142 -20.921 1.146 -0.516 0.000
-14.843 -9.168 -18.220 -1.891 0.229 -1.719
-20.034 -12.457 -12.645 0.802 0.000 2.177
-25.225 -10.502 -20.300 -0.286 -0.516 0.802
-24.383 -9.628 -19.862 -0.286 -0.516 -0.115
-22.419 -6.682 -21.471 0.000 0.688 -1.891
-21.716 -7.158 -18.267 -0.974 0.401 -0.172
-22.527 -6.330 -20.644 0.745 0.745 1.432
-22.957 -6.954 -17.326 -0.057 -0.458 1.261
-24.984 -7.731 -23.758 -0.630 -1.490 -2.578
-24.011 -12.247 -19.251 -0.229 0.458 -0.688
-27.161 -15.842 -19.698 -1.432 -0.802 1.432
-26.308 -14.354 -19.793 1.203 -1.719 2.235
-23.466 -9.738 -19.827 0.000 2.807 -0.229
-24.526 -10.732 -19.981 -0.229 -1.833 -2.005
-24.195 -10.889 -21.918 -1.089 -0.115 -1.833
-22.097 -11.358 -20.385 0.000 1.203 -0.286
-20.131 -11.603 -23.881 0.688 -0.401 1.146
-16.396 -13.949 -21.413 -0.573 -0.630 0.745
-15.782 -14.257 -18.406 0.000 0.286 -1.261
-17.199 -12.904 -20.101 1.031 2.005 0.974
-20.004 -13.993 -15.061 1.490 -2.406 0.286
-28.622 -17.245 -20.319 -2.865 1.662 0.745
-28.739 -17.987 -20.092 2.005 -0.172 -0.401
-29.403 -17.602 -18.559 -1.833 -0.229 -0.802
-29.874 -16.091 -22.236 0.115 -1.203 1.031
-26.991 -16.205 -20.857 -1.432 -0.344 -0.229
-26.348 -16.872 -20.799 -1.203 -1.031 -0.917
-26.089 -17.536 -20.181 -0.172 -0.859 -1.031
-26.302 -17.604 -20.123 -1.146 1.662 2.979
-25.375 -17.450 -22.506 1.375 -0.917 0.573
-21.928 -16.556 -20.643 -1.490 1.891 -2.636
-21.565 -16.186 -20.358 1.261 -0.401 -1.203
-21.814 -16.167 -20.260 -1.891 0.630 1.604
-23.220 -15.461 -16.874 1.375 -1.318 1.261
-27.037 -12.543 -20.456 -3.094 -0.688 0.401
-27.189 -12.882 -20.307 -0.573 0.172 -0.344
-27.615 -11.240 -18.627 2.464 0.229 -0.344
-30.116 -10.837 -21.276 -0.573 -0.057 0.229
-29.332 -11.271 -19.860 0.000 1.490 -0.344
-30.115 -11.065 -20.976 0.286 1.375 0.516
-29.691 -11.794 -20.501 -0.516 -0.401 1.031
-29.936 -11.763 -20.570 -1.776 -1.375 -0.573
-29.182 -12.458 -22.705 -1.891 1.146 -1.490
-26.333 -14.142 -20.094 0.000 -1.432 0.401
-26.064 -11.598 -20.581 0.917 1.719 1.490
-25.776 -11.997 -21.609 2.865 -0.516 -0.229
-24.571 -12.673 -20.478 -3.495 -2.636 -1.375
-24.522 -11.550 -20.823 3.839 3.094 -0.229
-23.567 -11.619 -21.899 -3.380 -1.833 1.776
-20.496 -11.598 -20.862 2.177 -1.662 0.286
-20.114 -11.250 -21.392 -3.266 -0.859 -0.688
-18.282 -10.518 -21.091 0.630 -2.120 0.745
-17.866 -10.648 -20.962 2.005 2.235 0.172
-18.136 -11.303 -20.998 -2.005 -3.094 -1.089
-18.121 -11.602 -20.861 -2.235 -1.375 0.401
-17.280 -13.743 -21.577 -1.891 0.000 0.000
-15.326 -15.675 -20.517 5.157 3.151 -1.547
-18.160 -13.111 -20.930 0.630 -1.318 0.688
-17.906 -13.201 -21.181 -2.464 0.630 0.974
-16.992 -13.395 -21.162 0.229 -2.120 0.057
-17.318 -12.942 -20.844 0.974 1.432 0.229
-17.354 -14.276 -21.141 -0.688 0.630 1.432
-17.368 -14.369 -21.185 0.000 1.375 -0.229
-17.279 -14.703 -21.070 0.115 -1.948 -1.031
-17.343 -15.181 -21.204 -1.604 -0.401 0.344
-16.808 -15.481 -21.339 2.693 2.922 0.802
-15.405 -16.451 -21.300 -1.203 1.031 -0.458
