0.1 -0.4 2.3 0.0 0.0 0.0
0.0 -0.3 2.2 0.0 0.0 0.0
0.0 -0.3 2.3 0.0 0.0 0.0
0.0 -0.2 2.3 0.0 0.0 0.0
0.0 0.1 2.4 0.0 0.0 0.0
0.1 0.6 2.5 0.0 0.0 0.0
0.2 1.4 2.6 0.0 0.0 0.0
0.3 2.5 2.7 0.0 0.0 0.0
0.4 4.1 2.8 0.0 0.0 0.0
0.5 6.2 3.0 0.0 0.0 0.0
0.7 9.0 3.1 0.0 0.0 0.0
0.8 12.5 3.3 0.0 0.0 0.0
1.0 16.8 3.4 0.0 0.0 0.0
1.2 21.7 3.5 0.0 0.0 0.0
1.5 27.6 3.5 0.0 0.0 0.0
1.7 34.2 3.5 0.0 0.0 0.0
2.1 41.5 3.4 0.0 0.0 0.0
2.6 50.1 3.2 0.0 0.0 0.0
3.3 58.9 2.8 0.0 0.0 0.0
4.5 68.5 1.8 0.0 0.0 0.0
9.4 80.7 -2.8 0.0 0.0 0.0
142.6 87.8 -135.8 0.0 0.0 0.0
175.4 76.5 -168.2 0.0 0.0 0.0
178.4 64.2 -170.9 0.0 0.0 0.0
179.5 51.3 -171.7 0.0 0.0 0.0
-179.7 36.3 -172.1 0.0 0.0 0.0
-179.1 22.5 -172.2 0.0 0.0 0.0
-178.3 4.8 -172.2 0.0 0.0 0.0
-177.8 -9.7 -172.0 0.0 0.0 0.0
-177.3 -24.0 -171.6 0.0 0.0 0.0
-176.3 -40.6 -170.7 0.0 0.0 0.0
-174.9 -54.6 -169.5 0.0 0.0 0.0
-172.0 -68.1 -166.7 0.0 0.0 0.0
-160.2 -81.6 -154.9 0.0 0.0 0.0
-28.7 -84.5 -23.6 0.0 0.0 0.0
0.0 0.0 0.0 0.0 0.0 0.0
0.3 11.8 0.2 0.0 0.0 0.0
0.6 23.1 0.3 0.0 0.0 0.0
0.8 34.0 0.4 0.0 0.0 0.0
1.0 44.1 0.5 0.0 0.0 0.0
1.0 53.6 0.5 0.0 0.0 0.0
1.0 62.7 0.6 0.0 0.0 0.0
2.1 82.2 -0.5 0.0 0.0 0.0
156.8 89.7 -155.3 0.0 0.0 0.0
-179.7 82.2 -178.7 0.0 0.0 0.0
-179.1 75.3 -179.2 0.0 0.0 0.0
-178.9 68.5 -179.3 0.0 0.0 0.0
-178.8 63.1 -179.5 0.0 0.0 0.0
-178.7 58.6 -179.6 0.0 0.0 0.0
-178.6 55.2 -179.8 0.0 0.0 0.0
-178.5 53.0 180.0 0.0 0.0 0.0
-178.2 52.1 179.8 0.0 0.0 0.0
-178.1 52.5 179.5 0.0 0.0 0.0
-177.9 53.9 179.0 0.0 0.0 0.0
-177.5 56.1 178.4 0.0 0.0 0.0
-176.9 58.9 177.6 0.0 0.0 0.0
-175.9 62.2 176.7 0.0 0.0 0.0
-174.5 66.1 175.3 0.0 0.0 0.0
-172.4 69.8 173.4 0.0 0.0 0.0
-169.3 73.7 170.5 0.0 0.0 0.0
-163.7 78.0 165.2 0.0 0.0 0.0
-157.1 80.4 158.9 0.0 0.0 0.0
-149.3 81.9 151.5 0.0 0.0 0.0
-142.7 82.6 145.4 0.0 0.0 0.0
-138.6 82.8 141.8 0.0 0.0 0.0
-139.3 82.1 142.7 0.0 0.0 0.0
-127.2 83.4 130.6 0.0 0.0 0.0
-124.6 83.2 127.9 0.0 0.0 0.0
-118.6 83.2 121.8 0.0 0.0 0.0
-112.9 83.1 116.2 0.0 0.0 0.0
-107.1 82.9 110.5 0.0 0.0 0.0
-101.5 82.7 105.2 0.0 0.0 0.0
-98.0 82.4 102.1 0.0 0.0 0.0
-95.8 82.0 100.2 0.0 0.0 0.0
-94.0 81.6 98.8 0.0 0.0 0.0
-93.0 81.3 98.1 0.0 0.0 0.0
-92.4 80.9 97.6 0.0 0.0 0.0
-91.6 80.5 97.1 0.0 0.0 0.0
-91.0 80.1 96.5 0.0 0.0 0.0
-90.3 79.7 95.9 0.0 0.0 0.0
-89.8 79.3 95.5 0.0 0.0 0.0
-89.4 78.9 95.2 0.0 0.0 0.0
-89.3 78.5 95.3 0.0 0.0 0.0
-89.1 78.1 95.2 0.0 0.0 0.0
-88.9 77.7 95.1 0.0 0.0 0.0
-89.0 77.3 95.3 0.0 0.0 0.0
-88.9 76.9 95.3 0.0 0.0 0.0
-88.9 76.5 95.5 0.0 0.0 0.0
-89.4 76.1 96.1 0.0 0.0 0.0
-89.3 75.7 96.0 0.0 0.0 0.0
-89.3 75.3 96.1 0.0 0.0 0.0
-89.7 74.9 96.6 0.0 0.0 0.0
-89.7 74.5 96.7 0.0 0.0 0.0
-89.9 74.1 97.0 0.0 0.0 0.0
-89.9 73.7 97.0 0.0 0.0 0.0
-89.8 73.3 97.0 0.0 0.0 0.0
-90.0 72.9 97.2 0.0 0.0 0.0
-89.9 72.5 97.1 0.0 0.0 0.0
-89.9 72.1 97.2 0.0 0.0 0.0
-90.1 71.7 97.4 0.0 0.0 0.0
-90.0 71.3 97.3 0.0 0.0 0.0
-90.0 70.9 97.4 0.0 0.0 0.0
-90.1 70.5 97.6 0.0 0.0 0.0
-90.0 70.2 97.5 0.0 0.0 0.0
-90.2 69.8 97.7 0.0 0.0 0.0
-90.0 69.4 97.6 0.0 0.0 0.0
-90.0 69.0 97.7 0.0 0.0 0.0
-90.1 68.6 97.8 0.0 0.0 0.0
-90.0 68.2 97.7 0.0 0.0 0.0
-90.0 67.8 97.8 0.0 0.0 0.0
-89.7 67.4 97.5 0.0 0.0 0.0
-90.1 67.0 97.9 0.0 0.0 0.0
-89.8 66.6 97.6 0.0 0.0 0.0
-90.3 66.2 98.1 0.0 0.0 0.0
-89.6 65.8 97.5 0.0 0.0 0.0
-91.3 65.3 99.0 0.0 0.0 0.0
-88.2 65.0 96.2 0.0 0.0 0.0
-90.1 64.6 97.9 0.0 0.0 0.0
-89.9 64.2 97.9 0.0 0.0 0.0
-90.0 63.8 98.0 0.0 0.0 0.0
-90.0 63.3 98.0 0.0 0.0 0.0
-89.9 63.0 98.0 0.0 0.0 0.0
-90.0 62.5 98.1 0.0 0.0 0.0
0.0 0.0 0.0 0.0 0.0 0.0
0.0 0.0 0.4 0.0 0.0 0.0
0.1 0.2 0.8 0.0 0.0 0.0
0.1 0.3 1.3 0.0 0.0 0.0
0.1 0.5 1.7 0.0 0.0 0.0
0.1 0.6 2.1 0.0 0.0 0.0
0.1 0.9 2.5 0.0 0.0 0.0
0.2 1.1 2.9 0.0 0.0 0.0
0.2 1.3 3.3 0.0 0.0 0.0
0.2 1.7 3.7 0.0 0.0 0.0
0.2 2.0 4.2 0.0 0.0 0.0
0.2 2.2 4.6 0.0 0.0 0.0
0.2 2.7 5.0 0.0 0.0 0.0
0.1 3.0 5.4 0.0 0.0 0.0
0.1 3.1 5.8 0.5 -8.9 0.0
0.1 3.7 6.2 0.6 -9.3 0.0
0.0 3.9 6.6 0.7 -10.0 0.0
-0.1 4.4 7.2 0.8 -10.6 0.0
-0.2 4.3 7.8 1.0 -11.4 0.0
-0.5 4.3 8.5 1.1 -11.8 0.0
-0.9 4.5 9.2 1.4 -12.3 0.0
-1.3 4.3 10.0 1.7 -13.2 0.0
-1.8 3.8 10.8 2.0 -13.7 0.0
-2.3 3.8 11.7 2.4 -13.9 0.0
-2.9 3.6 12.5 2.7 -14.9 0.0
-3.4 3.3 13.4 3.2 -15.5 0.0
-3.8 3.3 14.3 3.6 -15.8 0.0
-4.2 3.2 15.2 4.1 -16.5 0.0
-4.6 3.2 16.1 4.6 -17.0 0.0
-4.8 3.5 17.0 5.2 -17.3 0.0
-5.0 3.3 17.9 5.7 -18.1 0.0
-5.2 3.7 18.8 6.2 -18.1 0.0
-5.4 4.0 19.7 6.8 -18.9 0.0
-5.7 4.2 20.5 7.4 -19.3 0.0
-5.8 4.4 21.4 8.1 -19.6 0.0
-6.1 4.7 22.3 8.7 -19.9 0.0
-6.3 5.1 23.1 9.3 -20.0 0.0
-6.5 5.6 23.9 9.7 -19.8 0.0
-6.6 6.1 24.7 10.0 -19.6 0.0
-6.7 6.4 25.5 10.4 -19.4 0.0
-6.9 7.0 26.3 10.8 -19.2 0.0
-7.0 7.5 27.0 11.2 -19.0 0.0
-7.4 8.0 27.7 11.5 -18.8 0.0
-7.4 8.5 28.4 12.2 -18.4 0.0
-7.5 9.1 29.0 12.4 -18.3 0.0
-7.6 9.9 29.6 12.7 -18.1 0.0
-7.7 10.6 30.2 12.8 -18.0 0.0
-7.6 11.1 30.6 12.7 -18.1 0.0
-8.0 12.0 31.1 12.6 -18.1 0.0
-8.1 12.8 31.4 13.1 -17.8 0.0
-8.1 13.6 31.6 13.2 -17.7 0.0
-8.1 14.4 31.8 13.1 -17.8 0.0
-8.1 15.1 31.9 13.0 -17.8 0.0
-7.8 15.7 31.9 13.0 -17.8 0.0
-7.4 16.1 31.8 12.8 -17.9 0.0
-6.8 16.5 31.7 12.7 -18.0 0.0
-6.1 16.6 31.4 12.5 -18.1 0.0
-5.0 16.6 31.0 12.2 -18.3 0.0
-3.7 16.4 30.6 11.7 -18.6 0.0
-2.2 15.8 30.0 11.2 -18.9 0.0
-0.6 15.2 29.5 11.0 -19.1 0.0
1.4 14.4 28.9 10.3 -19.5 0.0
3.2 13.6 28.3 9.5 -19.9 0.0
5.4 12.2 27.6 9.3 -20.0 0.0
7.5 10.8 27.1 8.5 -20.0 0.0
9.2 9.6 26.5 7.8 -20.0 0.0
11.0 8.1 26.0 7.4 -20.0 0.0
12.6 6.4 25.5 6.7 -20.0 0.0
13.8 5.0 25.1 6.7 -20.0 0.0
14.9 3.5 24.6 6.4 -20.0 0.0
15.6 2.2 24.2 5.6 -20.0 0.0
16.1 0.7 23.8 5.0 -20.0 0.0
16.4 -0.7 23.3 4.3 -20.0 0.0
16.6 -1.9 22.9 3.8 -20.0 0.0
16.6 -3.3 22.4 3.2 -20.0 0.0
16.5 -4.3 22.0 2.7 -20.0 0.0
16.3 -5.6 21.6 1.7 -20.0 0.0
16.0 -7.0 21.1 1.3 -20.0 0.0
15.6 -8.1 20.6 0.9 -20.0 0.0
15.1 -9.5 20.2 0.2 -20.0 0.0
14.7 -10.8 19.8 -0.4 -20.0 0.0
14.2 -12.0 19.3 -0.8 -20.0 0.0
13.7 -13.4 18.8 -1.4 -20.0 0.0
13.1 -14.9 18.4 -1.8 -20.0 0.0
12.8 -15.9 18.0 -2.6 -20.0 0.0
12.1 -17.2 17.5 -3.3 -20.0 0.0
11.5 -18.4 17.0 -3.7 -20.0 0.0
11.0 -19.3 16.5 -4.5 -20.0 0.0
10.3 -20.4 15.9 -4.9 -20.0 0.0
10.2 -21.0 15.6 -5.3 -20.0 0.0
9.5 -21.8 15.0 -7.6 -20.0 0.0
8.7 -22.4 14.4 -7.9 -20.0 0.0
8.0 -22.9 13.8 -8.2 -20.0 0.0
7.1 -23.4 13.2 -8.8 -20.0 0.0
8.4 -23.6 13.3 -14.8 -20.0 0.0
7.6 -23.9 12.8 -14.9 -20.0 0.0
6.6 -24.2 12.2 -15.6 -20.0 0.0
5.7 -24.5 11.8 -15.8 -20.0 0.0
10.2 -24.8 12.9 -16.3 -20.0 0.0
9.1 -25.0 12.5 -16.5 -20.0 0.0
8.1 -25.2 12.1 -16.7 -20.0 0.0
6.9 -25.3 11.8 -16.9 -20.0 0.0
11.2 -25.6 13.7 -17.3 -20.0 0.0
10.1 -25.6 13.7 -17.7 -20.0 0.0
8.9 -25.5 13.6 -17.9 -19.3 0.0
7.6 -25.2 13.7 -18.3 -17.9 0.0
4.6 -24.7 13.1 -18.4 -18.2 0.0
3.3 -24.2 13.4 -18.6 -17.2 0.0
2.1 -23.6 13.8 -18.8 -16.1 0.0
0.6 -22.8 14.2 -19.0 -14.9 0.0
-4.7 -21.4 13.2 -19.1 -14.2 0.0
-6.0 -20.4 13.9 -18.5 -17.7 0.0
-7.5 -19.3 14.6 -18.6 -16.6 0.0
-9.1 -18.0 15.4 -18.5 -16.2 0.0
-6.8 -17.8 16.8 -18.4 -16.0 0.0
-8.5 -16.4 17.5 -20.0 -9.5 0.0
-10.3 -14.9 18.2 -20.0 -9.6 0.0
-12.0 -13.6 18.9 -20.0 -9.5 0.0
-10.4 -13.1 19.7 -20.0 -8.8 0.0
-12.1 -11.6 20.4 -20.0 -3.2 0.0
-14.0 -9.8 21.2 -20.0 -2.5 0.0
-16.0 -7.7 22.2 -20.0 -3.2 0.0
-19.3 -5.4 23.6 -20.0 -4.2 0.0
-21.0 -3.3 24.7 -20.0 -7.5 0.0
-22.8 -1.0 26.0 -20.0 -8.7 0.0
-24.5 1.2 27.4 -19.6 -10.0 0.0
-37.2 5.9 36.9 -19.5 -10.2 0.0
-39.0 8.4 39.1 16.6 -15.1 0.0
-40.7 10.7 41.4 18.0 -13.8 0.0
-42.2 12.1 48.2 19.7 -12.0 0.0
-43.7 14.9 50.8 20.0 -10.0 0.0
-45.0 17.7 53.4 20.0 -8.6 0.0
-45.6 20.4 56.5 20.0 -6.7 0.0
-46.1 23.3 59.0 20.0 -6.8 0.0
-46.2 26.0 61.2 20.0 -5.7 0.0
-46.5 28.8 62.9 20.0 -2.1 0.0
-45.5 31.5 64.7 20.0 -1.4 0.0
-43.8 33.9 66.0 20.0 -1.0 0.0
-45.2 36.4 67.0 20.0 10.7 0.0
-42.4 38.6 67.6 20.0 10.9 0.0
-39.0 40.7 67.6 20.0 11.3 0.0
-72.0 36.7 83.9 20.0 19.1 0.0
-68.8 38.4 84.4 20.0 19.5 0.0
-65.4 40.0 84.1 20.0 19.7 0.0
2.8 -0.2 -1.5 -0.7 -5.6 0.0
5.3 -0.7 -2.9 -1.0 -5.5 0.0
7.4 -1.6 -4.0 -1.1 -5.3 0.0
9.1 -2.6 -4.9 -1.5 -5.2 0.0
10.5 -3.8 -5.4 -1.9 -5.1 0.0
11.6 -5.0 -5.7 -2.4 -4.9 0.0
12.5 -6.0 -5.9 -3.0 -4.7 0.0
13.2 -7.0 -5.9 -3.6 -4.4 0.0
13.6 -7.7 -5.9 -4.2 -4.1 0.0
13.9 -8.3 -5.8 -4.9 -3.8 0.0
13.9 -8.8 -5.7 -5.7 -3.3 0.0
13.8 -9.2 -5.6 -6.4 -2.9 0.0
13.4 -9.5 -5.4 -7.2 -2.4 0.0
13.0 -9.8 -5.3 -8.0 -1.9 0.0
12.2 -10.0 -5.1 -8.7 -1.4 0.0
11.6 -10.2 -4.9 -9.3 -1.0 0.0
11.0 -10.4 -4.7 -10.0 -0.4 0.0
11.0 -10.9 -4.4 -10.6 0.1 0.0
10.3 -11.0 -4.2 -11.5 0.7 0.0
9.7 -11.1 -4.0 -12.1 1.3 0.0
9.9 -11.6 -3.7 -13.1 2.0 0.0
9.3 -11.7 -3.5 -13.6 2.6 0.0
8.7 -11.7 -3.4 -14.1 3.1 0.0
10.5 -13.1 -2.7 -16.0 4.3 0.0
9.8 -13.0 -2.6 -16.5 4.9 0.0
9.2 -12.9 -2.4 -17.0 5.5 0.0
10.4 -13.9 -1.9 -18.7 6.6 0.0
10.0 -13.7 -1.6 -19.3 7.2 0.0
13.1 -7.9 -1.5 -19.8 7.7 0.0
20.4 11.7 -1.4 -17.1 5.4 0.0
30.1 32.5 -4.3 -10.5 10.1 0.0
6.4 48.8 2.2 -7.9 14.0 0.0
44.5 13.7 1.0 20.0 -20.0 0.0
39.0 4.0 12.4 20.0 -20.0 0.0
38.2 -2.1 20.5 20.0 -16.8 0.0
35.9 -7.8 29.5 20.0 -12.9 0.0
34.4 -12.2 37.6 20.0 -8.3 0.0
78.0 2.6 32.5 20.0 -4.0 0.0
76.0 5.0 39.2 20.0 -6.8 0.0
74.6 7.5 44.9 20.0 -3.1 0.0
3.7 -38.8 44.0 20.0 -0.1 0.0
7.1 -38.2 49.3 4.5 20.0 0.0
8.9 -32.1 54.1 -1.3 20.0 0.0
4.1 2.7 59.1 -4.9 20.0 0.0
5.9 4.2 62.8 -7.6 20.0 0.0
6.4 8.0 66.3 -9.5 20.0 0.0
-0.9 27.1 66.2 -9.4 20.0 0.0
-0.4 28.0 70.0 -11.2 20.0 0.0
0.6 28.7 73.6 -13.1 20.0 0.0
-35.1 79.7 70.0 -7.7 20.0 0.0
-38.0 76.7 76.1 -13.2 20.0 0.0
-38.1 73.4 79.3 -16.1 20.0 0.0
-12.9 49.2 73.5 -13.4 20.0 0.0
-12.8 46.1 76.6 -14.8 20.0 0.0
-12.7 43.2 79.1 -16.3 20.0 0.0
-35.0 46.4 86.8 -20.0 20.0 0.0
-34.0 43.1 87.4 -20.0 20.0 0.0
-33.1 40.0 87.8 -20.0 20.0 0.0
-32.3 37.1 88.2 -20.0 20.0 0.0
-20.6 25.3 103.1 -20.0 16.8 0.0
-20.2 22.9 103.9 -20.0 16.4 0.0
-20.0 20.7 104.8 -20.0 16.1 0.0
-19.9 18.6 105.5 -20.0 15.6 0.0
-19.6 16.3 108.1 -20.0 14.4 0.0
-19.7 14.4 108.7 -20.0 14.1 0.0
-19.9 12.7 109.2 -20.0 13.8 0.0
-20.3 10.9 109.7 -20.0 13.5 0.0
-19.9 10.3 101.4 -20.0 17.4 0.0
-20.3 8.9 101.8 -20.0 17.2 0.0
-20.6 7.7 102.0 -20.0 17.0 0.0
-20.1 6.8 92.4 -20.0 20.0 0.0
-20.5 6.0 92.9 -20.0 20.0 0.0
-20.9 5.3 93.4 -20.0 20.0 0.0
-20.8 3.5 84.0 -19.4 20.0 0.0
-21.1 3.3 84.5 -19.6 20.0 0.0
-21.6 3.2 85.0 -19.8 20.0 0.0
-22.1 1.4 78.5 -17.0 20.0 0.0
-22.6 1.6 79.1 -17.2 20.0 0.0
-22.9 2.1 79.4 -17.4 20.0 0.0
-23.6 0.1 72.4 -14.2 20.0 0.0
-24.2 0.9 72.7 -14.3 20.0 0.0
-24.5 2.0 72.8 -14.5 20.0 0.0
-24.5 1.6 68.1 -12.2 20.0 0.0
-24.6 2.8 68.1 -12.2 20.0 0.0
-36.7 -9.3 59.2 -12.2 20.0 0.0
-56.1 -23.9 50.7 -7.6 20.0 0.0
-43.8 -30.0 44.7 -3.1 20.0 0.0
-29.9 -38.9 55.0 0.1 20.0 0.0
-17.5 -49.1 48.7 -5.4 20.0 0.0
-9.6 -57.0 43.6 -2.0 20.0 0.0
-3.5 -65.9 92.5 0.7 20.0 0.0
-3.9 -70.1 85.2 20.0 20.0 0.0
-6.7 -73.6 75.9 20.0 20.0 0.0
-12.1 -76.2 64.2 20.0 16.0 0.0
-76.1 -55.4 -6.9 20.0 10.2 0.0
-73.7 -53.4 -11.1 19.2 -20.0 0.0
-69.6 -51.5 -14.0 17.3 -20.0 0.0
-63.6 -49.6 -15.6 16.0 -20.0 0.0
-54.8 -47.5 -15.9 19.8 -11.0 0.0
-22.9 -43.0 -15.3 20.0 16.8 0.0
-15.5 -37.9 -19.6 20.0 15.4 0.0
-6.4 -30.2 -24.9 20.0 13.3 0.0
0.6 -23.0 -30.1 20.0 10.7 0.0
6.3 -16.5 -34.9 7.8 20.0 0.0
11.2 -10.7 -39.3 0.4 20.0 0.0
16.4 -4.8 -43.6 -3.1 20.0 0.0
26.5 3.8 -50.5 0.6 20.0 0.0
31.8 8.8 -55.0 3.0 20.0 0.0
65.7 23.7 -75.5 5.4 20.0 0.0
4.4 6.2 -1.0 2.0 -3.4 0.0
9.1 12.6 -2.4 2.7 -4.1 0.0
14.5 19.2 -4.8 2.2 -4.7 0.0
20.9 25.8 -8.1 1.4 -5.2 0.0
28.3 32.1 -12.6 0.1 -6.4 0.0
37.5 38.1 -18.7 -4.7 -9.4 0.0
48.1 42.6 -25.9 -8.3 -10.2 0.0
59.7 45.6 -33.8 -12.6 -10.3 0.0
94.5 50.4 -59.6 -11.0 -3.8 0.0
107.1 48.7 -67.3 -15.0 -1.3 0.0
118.7 46.5 -73.2 -18.1 1.6 0.0
129.0 44.3 -77.2 -20.0 4.6 0.0
137.9 42.6 -79.4 -20.0 7.4 0.0
146.5 41.5 -80.8 -20.0 10.5 0.0
155.0 41.0 -81.8 -20.0 13.8 0.0
162.9 41.1 -82.0 -20.0 17.1 0.0
171.5 41.8 -82.7 -20.0 19.0 0.0
-179.9 42.8 -83.8 -20.0 19.5 0.0
-172.8 44.5 -84.1 -20.0 19.6 0.0
-164.5 46.0 -86.2 -20.0 20.0 0.0
-157.4 48.3 -88.2 -20.0 20.0 0.0
-149.5 49.7 -91.8 -20.0 20.0 0.0
-142.1 50.9 -96.0 -17.6 20.0 0.0
-136.9 54.3 -100.1 -13.7 20.0 0.0
-130.8 55.9 -105.4 -10.8 20.0 0.0
-125.0 57.1 -111.3 -6.9 20.0 0.0
-119.8 57.5 -117.5 -2.8 20.0 0.0
-115.0 58.0 -124.3 1.4 20.0 0.0
-112.0 56.0 -129.7 5.5 20.0 0.0
-104.1 60.8 -141.4 9.1 20.0 0.0
-102.7 58.5 -146.9 13.3 18.6 0.0
-102.2 56.3 -152.0 15.7 16.2 0.0
-104.6 52.6 -155.3 17.5 13.9 0.0
-98.2 54.3 -164.0 18.5 12.3 0.0
-102.0 50.6 -166.8 20.0 7.0 0.0
-99.6 50.6 -172.8 20.0 5.9 0.0
-97.3 52.5 -177.4 20.0 3.3 0.0
-96.0 53.9 -180.0 20.0 1.7 0.0
-89.7 55.3 175.8 20.0 0.7 0.0
-88.1 56.4 177.1 20.0 -1.0 0.0
-91.0 57.6 -177.1 20.0 -0.3 0.0
-95.7 58.8 -170.1 20.0 1.8 0.0
-100.8 59.4 -162.5 20.0 4.4 0.0
-110.2 59.0 -151.0 20.0 6.2 0.0
-113.9 57.5 -142.7 20.0 9.1 0.0
-120.0 56.3 -132.7 20.0 7.7 0.0
-122.6 54.5 -124.4 20.0 7.0 0.0
-128.7 51.1 -113.0 20.0 5.7 0.0
-138.4 45.4 -98.4 20.0 11.7 0.0
-150.7 35.8 -82.8 20.0 18.5 0.0
-161.9 25.2 -70.1 19.1 20.0 0.0
-168.4 15.6 -64.0 13.2 20.0 0.0
-171.4 6.1 -61.8 10.1 20.0 0.0
-173.3 -4.2 -60.9 9.0 20.0 0.0
-175.7 -15.7 -61.1 8.5 20.0 0.0
0.0 0.0 0.0 8.6 20.0 0.0
-5.2 13.5 0.7 0.5 -3.2 0.0
-11.8 28.2 3.2 1.6 -5.6 0.0
-19.8 42.4 8.3 5.6 -10.7 0.0
-33.0 56.1 18.7 8.2 -13.4 0.0
-63.9 68.5 46.9 13.0 -14.9 0.0
-130.9 71.2 109.4 12.5 -4.3 0.0
-151.7 54.3 134.0 -1.9 -0.3 0.0
-153.8 34.9 142.8 -3.0 -3.5 0.0
-154.4 17.3 147.5 -1.7 -3.9 0.0
-155.4 7.7 149.0 -1.5 -4.5 0.0
-152.8 -1.0 155.0 1.2 -3.7 0.0
-148.9 -8.9 160.5 0.2 -3.1 0.0
-143.2 -16.4 166.4 -4.8 -1.2 0.0
-135.8 -22.2 172.9 -7.0 0.0 0.0
-127.7 -26.1 179.2 -8.0 0.2 0.0
-118.8 -30.3 -175.6 -7.1 -0.9 0.0
-110.9 -32.3 -171.4 -5.5 -1.2 0.0
-103.6 -34.1 -167.5 -2.4 -2.2 0.0
-95.4 -36.0 -163.5 -2.4 -2.4 0.0
-86.4 -37.9 -159.4 -3.9 -2.5 0.0
-76.5 -40.1 -155.2 -2.2 -2.8 0.0
-65.0 -42.3 -150.0 0.5 -2.8 0.0
-33.1 -42.7 -121.1 3.0 -2.3 0.0
-19.5 -39.7 -113.6 20.0 12.0 0.0
4.7 -23.7 -114.0 19.6 10.5 0.0
9.3 -14.7 -113.9 20.0 8.0 0.0
19.3 -0.6 -109.0 20.0 7.8 0.0
27.1 11.8 -104.4 20.0 13.4 0.0
34.7 22.6 -102.4 20.0 15.9 0.0
41.0 25.5 -103.9 20.0 16.8 0.0
46.4 29.1 -105.3 20.0 16.1 0.0
46.2 31.6 -104.4 20.0 15.4 0.0
38.6 33.3 -101.6 20.0 15.8 0.0
51.1 31.3 -107.9 20.0 11.5 0.0
41.5 28.8 -107.9 20.0 14.2 0.0
27.8 25.9 -107.6 20.0 14.2 0.0
22.3 24.2 -107.8 20.0 14.2 0.0
36.5 16.7 -123.9 20.0 6.0 0.0
24.0 11.3 -122.7 20.0 6.7 0.0
24.0 6.1 -125.8 20.0 5.0 0.0
38.6 1.6 -131.9 20.0 1.7 0.0
45.0 -0.3 -131.4 20.0 2.0 0.0
50.1 -0.4 -130.7 20.0 2.3 0.0
89.4 -19.1 -160.9 20.0 -13.6 0.0
90.1 -16.8 -161.9 20.0 -14.1 0.0
90.0 -14.4 -163.3 20.0 -14.7 0.0
90.5 -13.9 -164.4 20.0 -15.3 0.0
92.2 -17.8 -161.4 20.0 -13.8 0.0
91.2 -19.2 -155.5 20.0 -10.9 0.0
91.3 -19.8 -153.6 20.0 -9.9 0.0
93.9 -19.5 -158.5 20.0 -12.4 0.0
96.2 -20.0 -163.6 20.0 -14.9 0.0
97.8 -21.2 -166.5 20.0 -16.3 0.0
98.9 -22.4 -167.9 20.0 -16.9 0.0
99.8 -23.6 -168.6 20.0 -17.2 0.0
101.0 -24.9 -167.8 20.0 -16.8 0.0
103.0 -26.5 -165.5 20.0 -15.8 0.0
105.7 -28.1 -162.1 20.0 -14.2 0.0
108.8 -29.3 -158.0 20.0 -12.2 0.0
109.0 -31.0 -157.9 20.0 -12.1 0.0
109.3 -32.2 -158.8 20.0 -12.5 0.0
110.2 -32.9 -157.7 20.0 -12.0 0.0
110.2 -33.1 -156.1 20.0 -11.2 0.0
110.5 -33.6 -156.4 20.0 -11.4 0.0
109.9 -34.4 -157.1 20.0 -11.7 0.0
107.5 -35.6 -158.0 20.0 -12.2 0.0
0.0 0.0 0.0 -1.5 -2.7 0.0
-0.8 1.8 -0.3 -1.7 -2.3 0.0
-1.8 2.5 -0.4 -1.8 -1.9 0.0
-1.5 2.3 -1.2 -1.9 -1.7 0.0
-1.6 2.2 -2.3 -2.1 -1.5 0.0
-1.9 3.0 -3.9 -2.3 -1.3 0.0
-1.1 2.8 -5.8 -2.4 -1.1 0.0
-1.5 2.9 -7.4 -2.5 -0.7 0.0
-2.3 2.9 -8.8 -2.7 -0.4 0.0
-2.5 2.4 -9.9 -3.2 0.0 0.0
-2.7 3.5 -10.4 -3.6 0.6 0.0
-1.6 3.9 -10.6 -3.5 0.7 0.0
-2.2 4.8 -10.7 -3.7 1.0 0.0
-2.1 4.6 -10.5 -3.7 1.0 0.0
-1.6 4.6 -10.3 -3.8 1.3 0.0
-1.4 5.0 -9.8 -3.9 1.6 0.0
-1.1 5.0 -9.3 -4.0 1.7 0.0
-0.7 4.9 -8.9 -4.0 2.0 0.0
-0.7 4.9 -8.9 -4.0 2.1 0.0
-1.2 4.6 -8.4 -4.1 2.1 0.0
-1.5 3.8 -7.9 -4.2 2.3 0.0
-2.0 2.8 -7.2 -4.3 2.3 0.0
-3.1 2.4 -6.4 -4.4 2.3 0.0
-2.4 2.3 -5.6 -4.8 2.5 0.0
-2.0 2.8 -4.9 -4.8 2.6 0.0
-2.6 4.2 -4.9 -5.1 3.1 0.0
-2.6 4.0 -4.3 -5.3 3.4 0.0
-3.3 4.0 -3.8 -5.9 3.7 0.0
-3.6 3.9 -3.3 -6.2 4.2 0.0
-2.7 4.2 -2.7 -6.4 4.6 0.0
-2.5 4.9 -2.1 -6.5 4.6 0.0
-2.8 3.5 -1.4 -6.8 4.9 0.0
-3.2 3.1 -0.6 -7.5 4.3 0.0
-4.3 3.6 0.2 -7.9 4.5 0.0
-2.7 3.4 0.8 -8.0 4.8 0.0
-2.4 3.2 1.7 -7.4 4.8 0.0
-3.2 3.6 2.4 -8.1 4.5 0.0
-3.5 3.1 3.2 -8.6 4.8 0.0
-3.2 3.1 4.3 -8.5 5.0 0.0
-3.9 4.1 5.4 -9.1 5.3 0.0
-4.2 3.7 6.5 -9.9 5.5 0.0
-4.8 3.6 8.0 -10.2 5.8 0.0
-6.9 4.2 9.4 -11.1 5.8 0.0
-6.9 3.3 10.9 -12.2 5.5 0.0
-6.9 2.6 12.8 -13.4 5.4 0.0
-9.8 2.6 14.1 -14.9 4.8 0.0
-8.4 0.5 14.4 -16.4 5.2 0.0
-7.4 0.4 14.7 -17.3 5.2 0.0
-10.9 1.2 14.7 -19.5 5.2 0.0
-11.4 1.8 14.8 -19.1 5.1 0.0
-15.8 0.4 13.9 -20.0 4.7 0.0
-14.8 0.6 14.0 -20.0 5.3 0.0
-15.5 1.7 13.7 -20.0 6.9 0.0
-22.6 0.6 11.3 -20.0 8.1 0.0
-21.6 1.7 11.0 -20.0 10.2 0.0
-20.9 1.2 10.4 -20.0 11.3 0.0
-32.7 1.8 9.1 -20.0 12.4 0.0
-32.5 2.0 9.1 -20.0 15.9 0.0
-32.3 1.6 8.7 -20.0 16.7 0.0
