0.7 -0.2 0.2 0.0 0.0 0.0
0.7 -0.2 0.2 0.0 0.0 0.0
0.7 -0.2 0.2 0.0 0.0 0.0
0.7 -0.1 0.3 0.0 0.0 0.0
0.7 0.3 0.3 0.0 0.0 0.0
0.6 1.0 0.3 0.0 0.0 0.0
0.6 2.2 0.3 0.0 0.0 0.0
0.5 4.0 0.4 0.0 0.0 0.0
0.5 6.4 0.4 0.0 0.0 0.0
0.5 9.6 0.4 0.0 0.0 0.0
0.4 13.5 0.5 0.0 0.0 0.0
0.4 18.2 0.5 0.0 0.0 0.0
0.4 23.6 0.5 0.0 0.0 0.0
0.4 29.6 0.6 0.0 0.0 0.0
0.4 36.4 0.6 0.0 0.0 0.0
0.5 43.8 0.6 0.0 0.0 0.0
0.5 51.8 0.7 0.0 0.0 0.0
0.5 61.2 0.8 0.0 0.0 0.0
0.7 70.8 0.8 0.0 0.0 0.0
1.3 81.1 0.5 0.0 0.0 0.0
177.0 88.0 -175.0 0.0 0.0 0.0
-179.8 76.5 -177.9 0.0 0.0 0.0
-179.4 64.2 -178.0 0.0 0.0 0.0
-179.1 51.6 -177.9 0.0 0.0 0.0
-178.6 38.7 -177.9 0.0 0.0 0.0
-178.2 25.7 -177.7 0.0 0.0 0.0
-177.6 8.8 -177.4 0.0 0.0 0.0
-177.0 -5.7 -176.9 0.0 0.0 0.0
-176.2 -20.2 -176.3 0.0 0.0 0.0
-175.0 -34.5 -175.3 0.0 0.0 0.0
-173.2 -48.3 -173.7 0.0 0.0 0.0
-169.9 -61.5 -170.8 0.0 0.0 0.0
-162.4 -73.8 -163.5 0.0 0.0 0.0
-125.0 -84.3 -126.4 0.0 0.0 0.0
-27.5 -80.5 -29.2 0.0 0.0 0.0
-11.2 -69.9 -13.2 0.0 0.0 0.0
-6.2 -58.9 -8.5 0.0 0.0 0.0
-3.3 -45.3 -5.7 0.0 0.0 0.0
-1.7 -33.9 -3.9 0.0 0.0 0.0
-0.5 -22.5 -2.6 0.0 0.0 0.0
0.3 -11.9 -1.3 0.0 0.0 0.0
1.2 -0.9 -0.7 0.0 0.0 0.0
0.8 -4.4 2.1 0.0 0.0 0.0
1.6 5.9 2.7 0.0 0.0 0.0
2.5 16.1 3.1 0.0 0.0 0.0
3.6 25.5 2.8 0.0 0.0 0.0
2.6 31.3 4.4 0.0 0.0 0.0
3.4 40.1 4.6 0.0 0.0 0.0
4.0 48.8 4.7 0.0 0.0 0.0
4.3 56.4 5.0 0.0 0.0 0.0
3.0 63.0 7.1 0.0 0.0 0.0
1.9 69.2 8.6 0.0 0.0 0.0
-1.0 74.5 11.8 0.0 0.0 0.0
-7.1 78.9 18.2 0.0 0.0 0.0
68.2 70.6 -72.8 0.0 0.0 0.0
74.2 72.7 -79.2 0.0 0.0 0.0
78.8 74.6 -84.2 0.0 0.0 0.0
81.8 76.6 -87.2 0.0 0.0 0.0
82.4 78.7 -87.6 0.0 0.0 0.0
79.4 80.9 -84.1 0.0 0.0 0.0
69.5 82.8 -73.9 0.0 0.0 0.0
48.0 84.1 -52.0 0.0 0.0 0.0
65.9 71.4 -81.6 0.0 0.0 0.0
55.4 72.0 -71.0 0.0 0.0 0.0
43.1 71.5 -58.9 0.0 0.0 0.0
43.9 61.7 -68.1 0.0 0.0 0.0
35.1 59.8 -59.5 0.0 0.0 0.0
26.7 57.1 -51.8 0.0 0.0 0.0
36.1 36.4 -78.1 0.0 0.0 0.0
30.7 33.5 -72.5 0.0 0.0 0.0
25.4 29.9 -67.3 0.0 0.0 0.0
20.4 25.7 -62.5 0.0 0.0 0.0
24.9 15.2 -69.0 0.0 0.0 0.0
21.0 11.3 -64.4 0.0 0.0 0.0
17.6 7.5 -60.1 0.0 0.0 0.0
14.7 3.4 -56.0 0.0 0.0 0.0
12.5 -0.7 -52.0 0.0 0.0 0.0
10.7 -4.2 -48.3 0.0 0.0 0.0
9.2 -7.8 -44.7 0.0 0.0 0.0
8.2 -11.0 -41.3 0.0 0.0 0.0
1.0 -14.2 -44.6 0.0 0.0 0.0
0.6 -17.1 -41.6 0.0 0.0 0.0
0.5 -19.4 -38.6 0.0 0.0 0.0
0.7 -20.9 -35.6 0.0 0.0 0.0
-13.6 -24.2 -53.0 0.0 0.0 0.0
-12.7 -25.3 -50.3 0.0 0.0 0.0
-11.7 -25.6 -47.5 0.0 0.0 0.0
-10.2 -25.2 -44.4 0.0 0.0 0.0
-32.9 -23.7 -76.8 0.0 0.0 0.0
-30.8 -22.4 -73.1 0.0 0.0 0.0
-45.1 -10.4 -83.1 0.0 0.0 0.0
-67.4 2.5 -100.0 0.0 0.0 0.0
-83.6 18.5 -116.0 0.0 0.0 0.0
-90.2 51.0 -149.7 0.0 0.0 0.0
0.0 0.0 0.0 0.0 0.0 0.0
-7.7 -18.8 -21.5 0.0 0.0 0.0
-17.6 -35.6 -48.3 0.0 0.0 0.0
-38.4 -42.6 -86.3 0.0 0.0 0.0
-47.7 -40.0 -119.4 0.0 0.0 0.0
-46.8 -31.8 -144.5 0.0 0.0 0.0
-38.7 -20.9 -163.3 0.0 0.0 0.0
-30.2 -1.6 179.5 0.0 0.0 0.0
-15.5 14.3 164.2 0.0 0.0 0.0
-1.4 26.8 145.6 0.0 0.0 0.0
12.6 37.1 121.4 0.0 0.0 0.0
0.5 20.2 120.3 0.0 0.0 0.0
2.0 28.6 100.4 0.0 0.0 0.0
3.6 33.9 79.4 0.0 0.0 0.0
5.3 35.7 57.7 0.0 0.0 0.0
-11.8 35.5 48.5 0.0 0.0 0.0
-10.4 34.9 27.5 0.0 0.0 0.0
-8.2 30.8 6.6 0.0 0.0 0.0
-6.9 24.9 -12.8 0.0 0.0 0.0
2.9 35.3 -39.1 0.0 0.0 0.0
9.3 24.4 -56.4 0.0 0.0 0.0
14.2 13.2 -70.6 0.0 0.0 0.0
18.5 2.3 -83.1 0.0 0.0 0.0
6.5 -4.0 -88.3 0.0 0.0 0.0
10.5 -9.9 -101.9 0.0 0.0 0.0
13.9 -14.4 -115.5 0.0 0.0 0.0
16.3 -17.9 -129.4 0.0 0.0 0.0
20.5 -39.6 -149.5 0.0 0.0 0.0
13.9 -40.3 -167.2 0.0 0.0 0.0
6.7 -38.3 175.4 0.0 0.0 0.0
-0.6 -34.3 159.6 0.0 0.0 0.0
22.7 6.2 158.9 0.0 0.0 0.0
23.3 5.2 146.3 0.0 0.0 0.0
22.3 3.9 134.1 0.0 0.0 0.0
20.0 2.1 122.5 0.0 0.0 0.0
16.8 -0.2 111.6 0.0 0.0 0.0
11.5 -2.2 102.5 0.0 0.0 0.0
7.4 -4.3 92.2 0.0 0.0 0.0
3.2 -6.6 82.2 0.0 0.0 0.0
-0.8 -8.6 72.2 0.0 0.0 0.0
-8.5 -7.6 63.6 0.0 0.0 0.0
-11.2 -8.1 54.0 0.0 0.0 0.0
-13.1 -8.0 44.4 0.0 0.0 0.0
-14.2 -7.3 35.4 0.0 0.0 0.0
-15.6 -4.4 27.2 0.0 0.0 0.0
-15.1 -2.4 19.0 0.0 0.0 0.0
-14.1 0.2 11.3 0.0 0.0 0.0
-12.6 3.2 4.0 0.0 0.0 0.0
-10.9 25.0 -1.7 0.0 0.0 0.0
-6.7 28.5 -9.4 0.0 0.0 0.0
4.1 29.4 -17.4 0.0 0.0 0.0
8.4 28.0 -17.1 0.0 0.0 0.0
15.5 -0.9 -15.5 0.0 0.0 0.0
19.5 -2.4 -15.9 0.0 0.0 0.0
24.6 -2.1 -17.9 0.0 0.0 0.0
43.2 4.8 -33.1 0.0 0.0 0.0
57.6 9.8 -51.9 0.0 0.0 0.0
76.9 8.4 -74.0 0.0 0.0 0.0
91.7 0.6 -94.2 0.0 0.0 0.0
98.6 -6.9 -101.1 0.0 0.0 0.0
103.1 -13.3 -104.5 0.0 0.0 0.0
106.6 -19.0 -107.3 0.0 0.0 0.0
109.4 -24.4 -109.6 0.0 0.0 0.0
111.6 -29.1 -111.3 0.0 0.0 0.0
113.7 -33.0 -112.4 0.0 0.0 0.0
115.6 -36.3 -112.7 0.0 0.0 0.0
117.2 -38.7 -112.4 0.0 0.0 0.0
118.5 -40.5 -111.7 0.0 0.0 0.0
118.9 -41.7 -110.6 0.0 0.0 0.0
118.3 -42.4 -109.6 0.0 0.0 0.0
116.3 -41.0 -109.1 0.0 0.0 0.0
112.7 -38.1 -109.0 0.0 0.0 0.0
107.2 -35.0 -109.2 0.0 0.0 0.0
99.9 -31.6 -109.4 0.0 0.0 0.0
90.3 -27.2 -110.5 0.0 0.0 0.0
76.8 -18.1 -113.3 0.0 0.0 0.0
64.1 -11.8 -113.9 0.0 0.0 0.0
41.2 11.0 -111.6 0.0 0.0 0.0
32.8 6.1 -110.6 0.0 0.0 0.0
21.7 2.5 -109.1 0.0 0.0 0.0
12.5 -7.1 -106.7 0.0 0.0 0.0
-3.8 -23.0 -118.4 0.0 0.0 0.0
-15.2 -37.3 -121.3 0.0 0.0 0.0
-30.8 -52.0 -129.0 0.0 0.0 0.0
-34.6 -55.4 -139.6 0.0 0.0 0.0
-14.5 -52.5 -139.2 0.0 0.0 0.0
2.7 -47.7 -142.1 0.0 0.0 0.0
8.1 -51.1 -147.6 0.0 0.0 0.0
2.9 -59.9 -153.0 0.0 0.0 0.0
-12.3 -65.5 -161.7 0.0 0.0 0.0
-32.4 -69.3 -174.5 0.0 0.0 0.0
0.0 0.0 0.0 0.0 0.0 0.0
1.7 3.7 -0.5 0.0 0.0 0.0
6.9 11.1 -0.7 0.0 0.0 0.0
12.6 19.6 -1.3 0.0 0.0 0.0
18.8 28.4 -2.8 0.0 0.0 0.0
19.1 33.2 -2.7 0.0 0.0 0.0
9.1 31.2 0.5 0.0 0.0 0.0
-0.7 27.9 3.4 0.0 0.0 0.0
-4.2 25.0 5.1 0.0 0.0 0.0
0.7 23.2 5.8 0.0 0.0 0.0
3.2 25.3 6.6 0.0 0.0 0.0
2.1 25.8 7.4 0.0 0.0 0.0
2.2 25.9 7.9 0.0 0.0 0.0
2.2 26.6 8.2 0.0 0.0 0.0
2.0 26.6 8.6 0.0 0.0 0.0
1.9 26.6 8.8 0.0 0.0 0.0
1.8 26.6 8.9 0.0 0.0 0.0
2.1 28.3 8.7 0.0 0.0 0.0
2.1 28.2 8.7 0.0 0.0 0.0
2.1 28.3 8.7 0.0 0.0 0.0
2.1 28.2 8.7 0.0 0.0 0.0
2.7 31.7 8.3 0.0 0.0 0.0
2.7 31.6 8.1 0.0 0.0 0.0
2.9 31.6 7.9 0.0 0.0 0.0
3.2 31.6 7.3 0.0 0.0 0.0
4.2 37.5 6.5 0.0 0.0 0.0
4.2 37.5 6.5 0.0 0.0 0.0
4.4 37.4 6.3 0.0 0.0 0.0
4.6 37.5 5.9 0.0 0.0 0.0
4.9 37.5 5.4 0.0 0.0 0.0
5.4 39.0 4.7 0.0 0.0 0.0
5.6 38.8 4.4 0.0 0.0 0.0
5.9 38.8 3.9 0.0 0.0 0.0
6.2 38.7 3.3 0.0 0.0 0.0
5.2 31.1 3.8 0.0 0.0 0.0
5.5 30.9 3.3 0.0 0.0 0.0
5.6 30.8 2.8 0.0 0.0 0.0
5.8 30.8 2.5 0.0 0.0 0.0
11.0 49.1 -1.1 0.0 0.0 0.0
10.9 49.1 -1.0 0.0 0.0 0.0
10.8 49.1 -0.8 0.0 0.0 0.0
10.8 49.0 -0.7 0.0 0.0 0.0
13.7 55.0 -3.0 0.0 0.0 0.0
13.5 55.0 -2.7 0.0 0.0 0.0
13.0 55.0 -2.3 0.0 0.0 0.0
12.8 55.0 -2.0 0.0 0.0 0.0
13.8 56.2 -2.6 0.0 0.0 0.0
13.7 56.0 -2.5 0.0 0.0 0.0
13.4 56.0 -2.2 0.0 0.0 0.0
13.1 55.9 -1.8 14.3 20.0 0.0
13.1 55.6 -1.5 14.0 20.0 0.0
13.1 55.5 -1.6 14.5 20.0 0.0
13.2 55.3 -1.7 15.0 20.0 0.0
13.2 55.1 -1.6 15.5 20.0 0.0
14.4 56.3 -2.5 16.3 20.0 0.0
14.6 56.2 -2.7 17.0 20.0 0.0
14.2 56.1 -2.4 17.5 20.0 0.0
13.9 55.9 -2.1 17.9 20.0 0.0
18.7 62.7 -5.7 18.3 20.0 0.0
18.4 62.7 -5.3 20.0 20.0 0.0
18.0 62.7 -4.8 20.0 20.0 0.0
17.4 62.7 -4.3 20.0 20.0 0.0
20.4 66.6 -6.5 20.0 20.0 0.0
19.7 66.6 -5.9 20.0 19.5 0.0
19.9 66.6 -6.1 20.0 19.7 0.0
20.5 66.3 -6.7 20.0 19.6 0.0
22.3 67.7 -8.5 20.0 19.3 0.0
22.1 67.7 -8.3 20.0 18.5 0.0
22.4 67.8 -8.6 20.0 18.6 0.0
22.7 67.1 -9.0 20.0 18.5 0.0
30.5 72.0 -16.6 20.0 18.3 0.0
30.9 72.0 -17.1 20.0 14.8 0.0
31.7 71.3 -17.8 20.0 14.6 0.0
32.7 71.0 -18.9 20.0 14.2 0.0
32.7 71.0 -19.0 20.0 13.7 0.0
40.6 73.8 -26.4 20.0 9.8 0.0
40.9 73.6 -26.6 20.0 9.9 0.0
39.9 73.8 -25.6 20.0 9.8 0.0
38.6 73.9 -24.3 20.0 10.3 0.0
51.8 77.4 -36.6 20.0 4.3 0.0
51.5 77.3 -36.4 20.0 4.5 0.0
50.8 77.4 -35.5 20.0 4.7 0.0
49.6 77.6 -34.4 20.0 5.5 0.0
59.1 79.1 -43.5 20.0 0.7 0.0
59.2 78.8 -43.4 20.0 1.3 0.0
57.7 79.0 -41.9 20.0 1.1 0.0
56.3 79.4 -40.5 20.0 2.4 0.0
123.5 80.8 -107.1 14.5 -20.0 0.0
114.3 81.8 -98.0 13.8 -20.0 0.0
113.1 82.0 -96.9 18.5 -20.0 0.0
112.8 82.3 -96.6 19.1 -20.0 0.0
112.3 82.3 -96.0 19.3 -20.0 0.0
111.8 82.5 -95.6 19.5 -20.0 0.0
111.1 82.4 -95.0 19.8 -20.0 0.0
111.9 82.6 -95.7 19.8 -20.0 0.0
113.0 83.1 -96.9 18.9 -20.0 0.0
113.4 83.2 -97.3 19.1 -20.0 0.0
112.1 82.8 -96.0 19.6 -20.0 0.0
110.8 82.4 -94.6 20.0 -20.0 0.0
112.0 81.9 -96.0 20.0 -20.0 0.0
112.6 81.8 -96.7 19.7 -20.0 0.0
113.2 81.5 -97.2 19.4 -20.0 0.0
113.6 81.2 -97.7 19.4 -20.0 0.0
113.5 81.1 -97.7 18.9 -20.0 0.0
114.3 81.3 -98.4 18.5 -20.0 0.0
128.3 80.6 -112.7 18.1 -20.0 0.0
132.7 80.1 -117.1 11.0 -20.0 0.0
138.0 79.5 -122.6 6.7 -20.0 0.0
143.3 78.3 -127.9 3.9 -20.0 0.0
146.1 76.4 -130.7 2.3 -20.0 0.0
150.8 74.2 -135.6 -0.3 -20.0 0.0
155.7 71.9 -140.5 -3.0 -20.0 0.0
159.8 69.1 -144.5 -5.1 -20.0 0.0
162.2 66.2 -146.9 -6.4 -20.0 0.0
164.5 63.4 -149.1 -7.6 -20.0 0.0
166.3 60.8 -150.8 -8.5 -20.0 0.0
166.3 58.5 -150.6 -8.5 -20.0 0.0
167.4 56.7 -151.3 -8.4 -20.0 0.0
167.1 56.7 -151.0 -8.7 -20.0 0.0
170.9 54.0 -153.7 -8.6 -20.0 0.0
169.4 52.1 -152.4 -10.0 -20.0 0.0
170.0 49.8 -152.8 -9.3 -20.0 0.0
171.1 47.0 -153.6 -9.5 -20.0 0.0
172.6 43.8 -154.2 -9.9 -20.0 0.0
0.0 0.0 0.0 -10.2 -20.0 0.0
0.0 0.0 0.1 1.6 2.8 0.0
0.0 0.1 0.3 1.6 2.8 0.0
0.0 0.0 0.6 1.6 2.8 0.0
0.1 0.1 0.7 1.6 2.8 0.0
0.1 0.1 0.7 1.6 2.9 0.0
0.0 0.0 0.8 1.6 2.9 0.0
0.0 0.0 0.7 1.6 2.9 0.0
0.0 0.0 0.6 1.6 2.9 0.0
0.1 0.1 0.5 1.6 2.9 0.0
0.1 0.1 0.4 1.7 2.9 0.0
0.0 0.1 0.4 1.7 2.9 0.0
0.1 0.1 0.6 1.7 2.9 0.0
0.0 0.1 1.0 1.7 2.9 0.0
0.1 0.1 1.3 1.6 2.9 0.0
0.0 0.1 1.5 1.6 2.9 0.0
0.1 0.1 1.5 1.6 2.9 0.0
0.1 0.1 1.7 1.6 3.0 0.0
0.0 0.1 2.0 1.6 3.0 0.0
0.1 0.1 2.1 1.6 3.0 0.0
0.1 0.2 2.0 1.6 3.0 0.0
0.1 0.2 2.0 1.6 3.0 0.0
0.0 0.2 2.0 1.6 3.0 0.0
0.0 0.2 1.9 1.6 3.0 0.0
0.1 0.2 1.7 1.6 3.0 0.0
0.1 0.2 1.9 1.6 3.0 0.0
0.1 0.2 2.2 1.6 3.0 0.0
0.0 0.2 2.5 1.6 3.0 0.0
0.0 0.1 2.7 1.6 3.1 0.0
0.1 0.2 2.7 1.6 3.0 0.0
0.1 0.2 2.7 1.6 3.1 0.0
0.1 0.2 2.3 1.6 3.1 0.0
0.1 0.2 2.4 1.6 3.1 0.0
0.1 0.2 2.6 1.6 3.0 0.0
0.1 0.2 2.5 1.6 3.0 0.0
0.1 0.2 2.2 1.6 3.0 0.0
0.2 0.3 1.9 1.6 3.0 0.0
0.1 0.3 1.6 1.6 2.9 0.0
0.1 0.2 1.6 1.6 2.9 0.0
0.2 0.2 1.9 1.6 3.0 0.0
0.1 0.2 2.1 1.6 3.0 0.0
0.1 0.2 2.0 1.6 3.0 0.0
0.1 0.2 1.7 1.6 3.0 0.0
0.1 0.2 1.1 1.6 3.0 0.0
0.1 0.2 0.6 1.6 3.0 0.0
0.0 0.2 0.2 1.7 2.9 0.0
0.2 0.1 0.1 1.7 2.9 0.0
0.2 0.1 0.0 1.6 3.0 0.0
0.2 0.1 -0.0 1.6 3.0 0.0
0.1 0.1 -0.1 1.6 3.0 0.0
0.2 0.1 -0.1 1.6 2.9 0.0
0.2 0.1 -0.2 1.6 3.0 0.0
0.1 0.1 -0.1 1.6 3.0 0.0
-0.0 0.1 0.0 1.7 2.9 0.0
0.0 0.1 0.0 1.7 2.9 0.0
-0.0 0.1 0.4 1.7 3.0 0.0
-0.0 0.1 0.5 1.7 3.0 0.0
-0.0 0.1 0.4 1.7 2.9 0.0
-0.1 0.1 0.3 1.7 2.9 0.0
-0.1 0.1 0.0 1.7 2.9 0.0
-0.0 -0.0 -0.1 1.7 2.9 0.0
0.0 0.1 -0.3 1.7 3.0 0.0
0.0 0.1 -0.8 1.6 2.9 0.0
0.0 0.1 -1.1 1.7 2.9 0.0
0.6 -0.2 -1.1 1.7 2.9 0.0
0.6 -0.1 -1.1 1.1 3.2 0.0
0.4 -0.2 -1.2 1.0 3.1 0.0
0.4 -0.2 -1.4 1.2 3.2 0.0
0.4 -0.1 -1.4 1.2 3.2 0.0
0.5 -0.1 -1.6 1.2 3.0 0.0
0.1 0.1 -1.8 1.7 2.7 0.0
-0.0 0.1 -1.9 1.6 2.8 0.0
0.2 0.0 -2.0 1.8 2.8 0.0
0.1 0.2 -2.2 1.6 2.9 0.0
-0.1 0.2 -2.3 2.0 2.7 0.0
-0.1 0.2 -2.4 2.0 2.7 0.0
-0.3 0.5 -2.5 2.2 2.2 0.0
-0.2 0.4 -2.5 2.1 2.5 0.0
-0.0 0.2 -2.4 1.9 2.7 0.0
-0.0 0.3 -2.2 1.8 2.6 0.0
0.0 0.3 -2.2 1.8 2.6 0.0
0.0 0.2 -2.7 1.8 2.7 0.0
0.2 0.1 -3.2 1.5 3.0 0.0
0.2 0.0 -3.6 1.5 3.1 0.0
0.2 0.0 -3.6 1.5 3.1 0.0
0.2 0.0 -3.8 1.5 3.2 0.0
0.3 0.1 -4.1 1.4 3.0 0.0
0.3 0.1 -4.3 1.4 3.0 0.0
0.3 0.1 -4.4 1.4 3.0 0.0
0.4 0.1 -4.6 1.3 3.2 0.0
0.2 0.3 -4.9 1.6 2.6 0.0
0.2 0.2 -5.0 1.6 2.6 0.0
0.2 0.3 -5.1 1.7 2.5 0.0
0.2 0.3 -5.3 1.7 2.6 0.0
-0.0 0.2 -5.5 2.2 2.8 0.0
0.1 0.1 -5.4 1.9 2.9 0.0
0.1 0.2 -5.3 2.0 2.9 0.0
0.0 0.2 -5.0 2.2 2.9 0.0
0.2 0.2 -4.8 1.8 2.7 0.0
0.2 0.3 -4.5 1.7 2.6 0.0
0.2 0.3 -4.4 1.8 2.7 0.0
0.1 0.2 -4.7 1.8 2.7 0.0
0.2 0.2 -4.8 1.5 2.8 0.0
0.5 0.0 -4.6 0.8 3.6 0.0
0.5 0.2 -4.4 0.9 3.1 0.0
0.5 0.1 -4.2 0.8 3.2 0.0
0.3 0.2 -4.1 0.8 3.2 0.0
0.2 0.1 -3.9 1.4 3.0 0.0
0.2 0.0 -4.0 1.4 3.2 0.0
0.2 -0.0 -3.9 1.4 3.3 0.0
0.0 0.2 -3.7 1.3 3.4 0.0
0.1 0.2 -3.7 1.7 2.5 0.0
-0.1 0.3 -3.6 1.5 2.8 0.0
-0.1 0.2 -3.5 2.0 2.3 0.0
-0.0 0.2 -3.7 2.0 2.5 0.0
0.0 0.2 -4.0 2.0 2.8 0.0
0.0 0.1 -4.5 1.8 2.7 0.0
0.0 0.1 -4.9 2.0 2.7 0.0
-0.0 0.0 -5.2 2.0 2.7 0.0
0.2 0.0 -5.0 2.1 3.1 0.0
0.2 -0.0 -5.0 1.3 3.2 0.0
0.2 0.0 -5.0 1.3 3.4 0.0
0.2 0.1 -4.8 1.3 3.1 0.0
0.3 0.0 -4.5 1.3 2.9 0.0
0.3 0.1 -4.2 0.9 3.3 0.0
0.3 0.1 -3.9 1.0 3.2 0.0
0.5 -0.1 -3.7 1.0 2.8 0.0
0.4 0.1 -3.9 0.2 3.7 0.0
0.3 0.1 -4.0 0.6 3.1 0.0
0.3 0.3 -3.8 0.6 3.3 0.0
0.2 0.1 -3.6 0.9 2.7 0.0
-0.1 0.3 -3.5 1.0 3.3 0.0
0.0 0.3 -3.7 2.0 2.3 0.0
