26.0 4.0 1100.0 1182.0
25.0 9.0 1067.0 1188.0
25.0 9.0 1066.0 1199.0
24.0 8.0 1060.0 1209.0
21.0 8.0 1053.0 1220.0
20.0 7.0 1043.0 1231.0
14.0 6.0 1035.0 1241.0
4.0 5.0 1028.0 1252.0
0.0 3.0 1016.0 1262.0
-21.0 1.0 993.0 1270.0
-28.0 0.0 981.0 1280.0
-59.0 -4.0 971.0 1289.0
-99.0 -9.0 956.0 1299.0
-79.0 -6.0 957.0 1299.0
-135.0 -11.0 712.0 1268.0
-240.0 -23.0 660.0 1281.0
-235.0 -23.0 781.0 1302.0
-468.0 -50.0 684.0 1316.0
-549.0 -61.0 626.0 1322.0
-776.0 -77.0 -1007.0 1066.0
-874.0 -89.0 -1133.0 1055.0
-956.0 -99.0 -1276.0 1044.0
-1058.0 -110.0 -1435.0 1031.0
-1141.0 -122.0 -1627.0 1016.0
-1197.0 -131.0 -1842.0 999.0
-1677.0 -183.0 -2136.0 979.0
-1706.0 -190.0 -2396.0 957.0
-2626.0 -262.0 -2967.0 918.0
-2715.0 -276.0 -3296.0 885.0
-2697.0 -279.0 -3578.0 851.0
-3221.0 -355.0 -4226.0 787.0
-3191.0 -353.0 -4516.0 742.0
-3122.0 -350.0 -4760.0 696.0
-3150.0 -363.0 -5095.0 636.0
-3086.0 -360.0 -5287.0 584.0
-1.0 0.0 6.0 0.0
-56.0 0.0 7.0 0.0
-98.0 -2.0 0.0 0.0
-164.0 -4.0 -33.0 1689.0
-230.0 -6.0 -74.0 1688.0
-303.0 -9.0 -127.0 1687.0
-387.0 -11.0 -204.0 1685.0
-210.0 -9.0 -1521.0 514.0
-288.0 -11.0 -1644.0 498.0
-365.0 -14.0 -1775.0 481.0
-366.0 -14.0 -1773.0 481.0
-442.0 -17.0 -1931.0 461.0
-517.0 -19.0 -2074.0 441.0
-585.0 -21.0 -2216.0 420.0
-648.0 -24.0 -2364.0 397.0
-719.0 -26.0 -2512.0 373.0
-791.0 -29.0 -2662.0 348.0
-863.0 -32.0 -2807.0 321.0
-936.0 -34.0 -2951.0 293.0
-1024.0 -37.0 -3068.0 267.0
-1112.0 -39.0 -3200.0 237.0
-1210.0 -42.0 -3318.0 208.0
-1334.0 -45.0 -3374.0 187.0
-1456.0 -49.0 -3458.0 160.0
-1593.0 -52.0 -3497.0 139.0
-1748.0 -56.0 -3472.0 127.0
-1881.0 -61.0 -3528.0 101.0
-2011.0 -67.0 -3587.0 74.0
-2136.0 -73.0 -3643.0 46.0
-2259.0 -80.0 -3706.0 17.0
-2377.0 -89.0 -3816.0 -19.0
-2512.0 -96.0 -3764.0 -30.0
-2635.0 -104.0 -3851.0 -65.0
-2763.0 -112.0 -3929.0 -99.0
-2891.0 -120.0 -4021.0 -136.0
-3022.0 -129.0 -4113.0 -175.0
-3275.0 -148.0 -4302.0 -257.0
-3276.0 -148.0 -4297.0 -256.0
-3545.0 -171.0 -4493.0 -343.0
-3673.0 -183.0 -4585.0 -387.0
-3802.0 -196.0 -4682.0 -433.0
-3932.0 -209.0 -4778.0 -480.0
-4061.0 -222.0 -4872.0 -527.0
-4192.0 -236.0 -4970.0 -576.0
-4327.0 -250.0 -5067.0 -626.0
-4327.0 -250.0 -5068.0 -626.0
-4477.0 -266.0 -5178.0 -683.0
-4612.0 -281.0 -5280.0 -736.0
-4746.0 -296.0 -5380.0 -790.0
-4882.0 -312.0 -5482.0 -845.0
-5014.0 -327.0 -5592.0 -903.0
-5152.0 -343.0 -5694.0 -961.0
-5286.0 -359.0 -5796.0 -1019.0
-5417.0 -375.0 -5910.0 -1081.0
-5551.0 -391.0 -6013.0 -1142.0
-5686.0 -408.0 -6118.0 -1204.0
-5823.0 -425.0 -6232.0 -1269.0
-5956.0 -442.0 -6334.0 -1333.0
-6089.0 -459.0 -6442.0 -1399.0
-6223.0 -476.0 -6544.0 -1465.0
-6357.0 -494.0 -6647.0 -1532.0
-6490.0 -511.0 -6759.0 -1602.0
-6625.0 -529.0 -6863.0 -1672.0
-6758.0 -547.0 -6967.0 -1743.0
-6891.0 -564.0 -7080.0 -1817.0
-7027.0 -582.0 -7178.0 -1888.0
-7160.0 -600.0 -7277.0 -1960.0
-7292.0 -618.0 -7387.0 -2037.0
-7423.0 -636.0 -7488.0 -2112.0
-7557.0 -655.0 -7603.0 -2192.0
-7690.0 -673.0 -7701.0 -2268.0
-7822.0 -691.0 -7809.0 -2348.0
-7951.0 -709.0 -7917.0 -2430.0
-8084.0 -728.0 -8008.0 -2507.0
-8213.0 -746.0 -8110.0 -2589.0
-8346.0 -765.0 -8185.0 -2664.0
-8476.0 -783.0 -8294.0 -2749.0
-8610.0 -803.0 -8362.0 -2823.0
-8739.0 -821.0 -8486.0 -2915.0
-8874.0 -840.0 -8540.0 -2986.0
-8989.0 -857.0 -8749.0 -3108.0
-9143.0 -878.0 -8648.0 -3130.0
-9256.0 -894.0 -8870.0 -3259.0
-9385.0 -913.0 -8960.0 -3346.0
-9515.0 -932.0 -9060.0 -3436.0
-9645.0 -951.0 -9151.0 -3525.0
-9774.0 -970.0 -9244.0 -3615.0
-9900.0 -988.0 -9347.0 -3710.0
-12.0 0.0 0.0 0.0
-38.0 3.0 33.0 272.0
-43.0 4.0 65.0 273.0
-48.0 4.0 94.0 274.0
-60.0 3.0 123.0 274.0
-67.0 4.0 154.0 279.0
-80.0 4.0 183.0 281.0
-90.0 3.0 213.0 283.0
-100.0 2.0 241.0 285.0
-118.0 2.0 267.0 287.0
-130.0 1.0 304.0 293.0
-144.0 1.0 332.0 296.0
-169.0 1.0 358.0 300.0
-184.0 0.0 383.0 304.0
-198.0 -1.0 434.0 313.0
-229.0 -1.0 455.0 317.0
-251.0 -2.0 480.0 322.0
-285.0 -3.0 507.0 326.0
-300.0 -5.0 572.0 337.0
-321.0 -2.0 605.0 343.0
-360.0 -3.0 636.0 349.0
-381.0 -1.0 671.0 355.0
-392.0 1.0 739.0 367.0
-434.0 -2.0 773.0 374.0
-457.0 2.0 809.0 382.0
-474.0 7.0 845.0 390.0
-506.0 8.0 906.0 402.0
-528.0 13.0 941.0 412.0
-548.0 21.0 976.0 421.0
-586.0 20.0 1007.0 431.0
-591.0 25.0 1084.0 448.0
-627.0 28.0 1113.0 459.0
-650.0 33.0 1144.0 470.0
-673.0 42.0 1173.0 481.0
-694.0 46.0 1231.0 498.0
-715.0 53.0 1261.0 511.0
-740.0 58.0 1288.0 523.0
-780.0 61.0 1314.0 536.0
-791.0 66.0 1364.0 553.0
-820.0 70.0 1389.0 567.0
-855.0 76.0 1413.0 581.0
-881.0 80.0 1434.0 595.0
-899.0 102.0 1481.0 614.0
-931.0 102.0 1503.0 628.0
-963.0 105.0 1522.0 643.0
-1000.0 101.0 1541.0 659.0
-1037.0 92.0 1556.0 674.0
-1037.0 77.0 1614.0 697.0
-1100.0 94.0 1623.0 713.0
-1138.0 93.0 1635.0 729.0
-1171.0 84.0 1640.0 745.0
-1212.0 77.0 1643.0 762.0
-1256.0 78.0 1646.0 779.0
-1287.0 68.0 1648.0 795.0
-1328.0 65.0 1646.0 811.0
-1365.0 56.0 1639.0 827.0
-1406.0 59.0 1634.0 843.0
-1431.0 44.0 1631.0 859.0
-1450.0 28.0 1627.0 876.0
-1460.0 27.0 1653.0 897.0
-1475.0 7.0 1652.0 914.0
-1487.0 -14.0 1651.0 930.0
-1529.0 -14.0 1648.0 947.0
-1504.0 -36.0 1679.0 969.0
-1500.0 -60.0 1677.0 986.0
-1543.0 -66.0 1670.0 1002.0
-1540.0 -89.0 1663.0 1019.0
-1514.0 -109.0 1673.0 1038.0
-1548.0 -117.0 1659.0 1057.0
-1538.0 -145.0 1645.0 1073.0
-1562.0 -164.0 1629.0 1089.0
-1542.0 -184.0 1620.0 1107.0
-1522.0 -200.0 1600.0 1123.0
-1542.0 -220.0 1577.0 1139.0
-1523.0 -235.0 1555.0 1155.0
-1546.0 -267.0 1504.0 1166.0
-1526.0 -278.0 1479.0 1180.0
-1503.0 -290.0 1453.0 1195.0
-1505.0 -310.0 1427.0 1210.0
-1488.0 -329.0 1381.0 1220.0
-1458.0 -336.0 1355.0 1234.0
-1457.0 -354.0 1327.0 1247.0
-1424.0 -361.0 1301.0 1260.0
-1397.0 -388.0 1234.0 1266.0
-1384.0 -411.0 1208.0 1279.0
-1354.0 -416.0 1184.0 1291.0
-1333.0 -444.0 1135.0 1298.0
-1315.0 -450.0 1111.0 1310.0
-1279.0 -455.0 1087.0 1321.0
-1267.0 -547.0 965.0 1315.0
-1226.0 -548.0 942.0 1325.0
-1198.0 -547.0 921.0 1334.0
-1175.0 -562.0 901.0 1343.0
-1104.0 -810.0 558.0 1302.0
-1063.0 -805.0 540.0 1307.0
-1039.0 -824.0 524.0 1313.0
-998.0 -819.0 510.0 1318.0
-811.0 -1467.0 -155.0 1233.0
-771.0 -1460.0 -160.0 1231.0
-730.0 -1453.0 -162.0 1230.0
-681.0 -1462.0 -163.0 1228.0
-633.0 -1449.0 -154.0 1227.0
-414.0 -2053.0 -639.0 1167.0
-370.0 -2070.0 -627.0 1161.0
-314.0 -2060.0 -604.0 1155.0
-267.0 -2035.0 -572.0 1150.0
-290.0 -1820.0 -406.0 1161.0
-244.0 -1801.0 -376.0 1158.0
-187.0 -1797.0 -349.0 1154.0
-151.0 -1756.0 -313.0 1152.0
-309.0 -1192.0 -26.0 1192.0
-256.0 -1176.0 1.0 1192.0
-229.0 -1138.0 30.0 1192.0
-212.0 -1100.0 59.0 1193.0
80.0 -1659.0 -283.0 1131.0
86.0 -1620.0 -257.0 1128.0
100.0 -1578.0 -235.0 1126.0
137.0 -1556.0 -217.0 1124.0
387.0 -2001.0 -602.0 1059.0
431.0 -1971.0 -586.0 1053.0
413.0 -1925.0 -563.0 1048.0
389.0 -1872.0 -536.0 1042.0
264.0 -1588.0 -336.0 1066.0
232.0 -1538.0 -319.0 1063.0
192.0 -1489.0 -301.0 1060.0
203.0 -1444.0 -289.0 1057.0
-1316.0 205.0 658.0 1291.0
-1396.0 246.0 653.0 1297.0
-1419.0 308.0 652.0 1304.0
-1464.0 287.0 1179.0 1397.0
-1548.0 310.0 1165.0 1408.0
-1591.0 357.0 1143.0 1420.0
-1607.0 293.0 1208.0 1442.0
-1689.0 296.0 1179.0 1454.0
-1743.0 326.0 1142.0 1466.0
-1918.0 421.0 1001.0 1465.0
-1994.0 405.0 963.0 1475.0
-2056.0 422.0 918.0 1484.0
-2572.0 880.0 440.0 1443.0
-2640.0 884.0 393.0 1447.0
-4643.0 4199.0 -5692.0 1060.0
-4737.0 4204.0 -5765.0 1003.0
-4829.0 4214.0 -5849.0 944.0
-5558.0 2415.0 -10536.0 675.0
5.0 -3.0 -4.0 0.0
11.0 -3.0 -3.0 1432.0
14.0 -16.0 -2.0 2341.0
15.0 -29.0 3.0 2341.0
19.0 -48.0 15.0 2341.0
25.0 -69.0 8.0 2261.0
33.0 -95.0 29.0 2261.0
43.0 -122.0 45.0 2261.0
54.0 -151.0 56.0 2255.0
68.0 -183.0 83.0 2256.0
84.0 -215.0 110.0 2257.0
101.0 -249.0 131.0 2254.0
117.0 -281.0 158.0 2256.0
136.0 -312.0 185.0 2258.0
153.0 -338.0 258.0 2276.0
172.0 -366.0 283.0 2279.0
192.0 -392.0 307.0 2282.0
218.0 -431.0 223.0 2258.0
238.0 -455.0 241.0 2261.0
259.0 -477.0 258.0 2263.0
290.0 -520.0 146.0 2240.0
313.0 -540.0 163.0 2241.0
333.0 -558.0 173.0 2243.0
387.0 -638.0 -123.0 2188.0
411.0 -659.0 -110.0 2187.0
434.0 -679.0 -98.0 2186.0
486.0 -747.0 -286.0 2151.0
507.0 -767.0 -289.0 2148.0
419.0 -657.0 -808.0 2145.0
615.0 -396.0 -1596.0 2133.0
756.0 -323.0 -1862.0 2116.0
-2103.0 3602.0 -6898.0 1208.0
-2061.0 4021.0 -7633.0 1138.0
-2529.0 4083.0 -7972.0 1063.0
-2591.0 4255.0 -7918.0 1004.0
-2679.0 4225.0 -8066.0 923.0
-2684.0 4228.0 -8191.0 842.0
-3023.0 7019.0 -4328.0 1037.0
-2995.0 6985.0 -4393.0 993.0
-2941.0 6944.0 -4447.0 949.0
881.0 963.0 -9749.0 435.0
1053.0 1269.0 -9613.0 342.0
1417.0 1904.0 -9174.0 265.0
2084.0 4040.0 -6794.0 397.0
2093.0 4148.0 -6701.0 335.0
2169.0 4361.0 -6502.0 282.0
2939.0 5156.0 -5025.0 345.0
2947.0 5228.0 -4949.0 301.0
2954.0 5278.0 -4876.0 259.0
5285.0 5270.0 984.0 687.0
5199.0 5212.0 919.0 697.0
4178.0 4817.0 -1585.0 514.0
4129.0 4751.0 -1607.0 498.0
4074.0 4696.0 -1626.0 481.0
4393.0 5235.0 845.0 709.0
4325.0 5173.0 818.0 717.0
4249.0 5122.0 793.0 725.0
4181.0 5066.0 773.0 733.0
4109.0 5016.0 755.0 741.0
2426.0 5040.0 -1618.0 482.0
2383.0 4993.0 -1621.0 466.0
2325.0 4954.0 -1623.0 451.0
2281.0 4908.0 -1617.0 435.0
2084.0 4899.0 -1768.0 401.0
2033.0 4850.0 -1754.0 385.0
2002.0 4789.0 -1734.0 369.0
1946.0 4746.0 -1712.0 354.0
2598.0 4323.0 -1065.0 418.0
2543.0 4278.0 -1041.0 409.0
2512.0 4211.0 -1014.0 401.0
3129.0 3618.0 -270.0 490.0
3074.0 3588.0 -251.0 488.0
3016.0 3567.0 -234.0 487.0
3450.0 3003.0 559.0 594.0
3400.0 2978.0 573.0 600.0
3584.0 2682.0 1205.0 689.0
3528.0 2683.0 1215.0 702.0
3462.0 2710.0 1220.0 714.0
3623.0 2489.0 1910.0 822.0
3568.0 2510.0 1913.0 841.0
3507.0 2551.0 1915.0 860.0
3617.0 2412.0 2368.0 946.0
3573.0 2411.0 2365.0 969.0
3530.0 2447.0 2333.0 993.0
3830.0 2098.0 2382.0 1072.0
3790.0 2468.0 2169.0 1092.0
4014.0 2502.0 2155.0 1114.0
3406.0 4049.0 741.0 979.0
3703.0 4102.0 654.0 984.0
3651.0 3737.0 309.0 988.0
-3307.0 5773.0 -3680.0 513.0
-3311.0 5809.0 -3777.0 476.0
-3257.0 5904.0 -3860.0 438.0
-3198.0 5984.0 -3941.0 400.0
-1308.0 4811.0 -8914.0 72.0
-1113.0 4933.0 -8926.0 -10.0
-701.0 5096.0 -8824.0 -86.0
-38.0 5271.0 -8577.0 -152.0
5929.0 4446.0 -5085.0 -18.0
6637.0 3690.0 -4665.0 -4.0
7711.0 2682.0 -3958.0 30.0
8897.0 1175.0 -2856.0 96.0
9968.0 -243.0 -1317.0 203.0
10007.0 -680.0 -1038.0 225.0
10095.0 -1294.0 -506.0 254.0
10414.0 -2712.0 1341.0 347.0
10307.0 -3023.0 1624.0 377.0
10221.0 -3236.0 1891.0 409.0
0.0 0.0 0.0 0.0
-20.0 -6.0 53.0 0.0
-47.0 14.0 113.0 4403.0
-63.0 -5.0 144.0 1310.0
-118.0 -40.0 171.0 1312.0
-189.0 -85.0 191.0 1314.0
-278.0 -138.0 94.0 1153.0
-375.0 -200.0 68.0 1154.0
-485.0 -270.0 27.0 1154.0
-319.0 -173.0 -1644.0 638.0
-434.0 -260.0 -1790.0 621.0
-535.0 -347.0 -1954.0 602.0
-624.0 -439.0 -2133.0 582.0
-696.0 -536.0 -2329.0 560.0
-762.0 -645.0 -2535.0 536.0
-814.0 -763.0 -2760.0 510.0
-839.0 -892.0 -2994.0 481.0
-848.0 -1017.0 -3235.0 450.0
-833.0 -1142.0 -3480.0 417.0
-799.0 -1281.0 -3682.0 384.0
-746.0 -1396.0 -3914.0 345.0
-680.0 -1531.0 -4097.0 308.0
-591.0 -1645.0 -4315.0 265.0
-501.0 -1757.0 -4503.0 221.0
-453.0 -1952.0 -4494.0 200.0
-385.0 -2104.0 -4556.0 169.0
-319.0 -2258.0 -4596.0 139.0
-250.0 -2412.0 -4640.0 108.0
-190.0 -2582.0 -4648.0 81.0
-115.0 -2696.0 -4778.0 34.0
-105.0 -3072.0 -4418.0 64.0
-58.0 -3231.0 -4476.0 29.0
-17.0 -3423.0 -4503.0 -1.0
3.0 -3562.0 -4627.0 -47.0
104.0 -4043.0 -4229.0 -18.0
108.0 -4211.0 -4372.0 -62.0
118.0 -4357.0 -4503.0 -106.0
112.0 -4435.0 -4625.0 -153.0
115.0 -4338.0 -4716.0 -200.0
116.0 -4247.0 -4803.0 -245.0
109.0 -4349.0 -4900.0 -294.0
115.0 -4410.0 -4999.0 -343.0
119.0 -4379.0 -5093.0 -393.0
161.0 -4467.0 -5132.0 -434.0
212.0 -4560.0 -5214.0 -479.0
425.0 -4824.0 -5035.0 -478.0
680.0 -5101.0 -4912.0 -478.0
1077.0 -5411.0 -4618.0 -447.0
1518.0 -5667.0 -4399.0 -426.0
2097.0 -5882.0 -4314.0 -424.0
2846.0 -5984.0 -4510.0 -462.0
3705.0 -5920.0 -4869.0 -508.0
4208.0 -5922.0 -5141.0 -539.0
4430.0 -6119.0 -5213.0 -556.0
4569.0 -6488.0 -5164.0 -563.0
4548.0 -6989.0 -5142.0 -555.0
0.0 0.0 0.0 0.0
-94.0 44.0 55.0 0.0
-309.0 179.0 52.0 1063.0
-446.0 227.0 90.0 1063.0
-601.0 280.0 70.0 1064.0
-352.0 196.0 -81.0 1063.0
205.0 -3.0 -66.0 1061.0
315.0 -36.0 -107.0 1060.0
295.0 -56.0 -233.0 1060.0
314.0 -65.0 -304.0 1058.0
232.0 -137.0 -622.0 1054.0
239.0 -77.0 -596.0 1048.0
237.0 146.0 -357.0 1043.0
194.0 254.0 -352.0 1039.0
159.0 298.0 -428.0 1034.0
170.0 263.0 -545.0 1029.0
160.0 204.0 -737.0 1017.0
201.0 90.0 -879.0 1008.0
201.0 94.0 -975.0 999.0
181.0 157.0 -1076.0 989.0
204.0 103.0 -1181.0 977.0
239.0 11.0 -1275.0 965.0
268.0 -75.0 -1334.0 956.0
658.0 -901.0 -4393.0 250.0
678.0 -716.0 -4784.0 205.0
942.0 -730.0 -4598.0 224.0
1049.0 -748.0 -4812.0 205.0
1194.0 -885.0 -5250.0 155.0
1180.0 -995.0 -5469.0 102.0
1118.0 -1040.0 -5609.0 48.0
1346.0 -966.0 -5000.0 68.0
1379.0 -964.0 -4979.0 32.0
1562.0 -1016.0 -4895.0 5.0
1812.0 -1159.0 -4863.0 -19.0
2785.0 -950.0 -4050.0 39.0
2811.0 -1043.0 -3988.0 4.0
2854.0 -1268.0 -4007.0 -33.0
2778.0 -1612.0 -4351.0 -83.0
3970.0 -2005.0 -2785.0 13.0
4061.0 -2207.0 -3229.0 -10.0
4442.0 -2427.0 -2795.0 12.0
4767.0 -3018.0 -1535.0 76.0
4865.0 -3128.0 -1213.0 89.0
4898.0 -3188.0 -964.0 99.0
1067.0 -4727.0 5387.0 557.0
1050.0 -4684.0 5292.0 610.0
1041.0 -4660.0 5194.0 663.0
1155.0 -4969.0 5115.0 714.0
1365.0 -5453.0 5022.0 765.0
1563.0 -5861.0 4933.0 815.0
1649.0 -6146.0 4858.0 864.0
1648.0 -6178.0 4766.0 912.0
1684.0 -6366.0 4698.0 959.0
1697.0 -6443.0 4613.0 1006.0
1706.0 -6487.0 4524.0 1051.0
1720.0 -6562.0 4441.0 1096.0
1741.0 -6631.0 4359.0 1140.0
1763.0 -6691.0 4276.0 1183.0
1797.0 -6785.0 4205.0 1226.0
1825.0 -6901.0 4143.0 1267.0
1853.0 -7040.0 4088.0 1308.0
1880.0 -7158.0 4027.0 1349.0
1920.0 -7328.0 3982.0 1389.0
2030.0 -7857.0 4047.0 1429.0
2122.0 -8301.0 4083.0 1470.0
2225.0 -8813.0 4119.0 1511.0
0.0 0.0 0.0 0.0
1.0 -14.0 -408.0 -2.0
17.0 -20.0 -734.0 421.0
25.0 -25.0 -1032.0 412.0
30.0 -29.0 -1302.0 400.0
37.0 -36.0 -1463.0 489.0
43.0 -38.0 -1706.0 473.0
49.0 -42.0 -1932.0 455.0
60.0 -53.0 -2037.0 521.0
73.0 -73.0 -2540.0 498.0
80.0 -81.0 -2808.0 471.0
93.0 -92.0 -2382.0 599.0
105.0 -102.0 -2619.0 574.0
106.0 -101.0 -2743.0 547.0
116.0 -108.0 -2616.0 581.0
130.0 -114.0 -2866.0 554.0
137.0 -116.0 -3057.0 524.0
146.0 -119.0 -3205.0 500.0
151.0 -121.0 -3377.0 467.0
157.0 -124.0 -3400.0 451.0
159.0 -127.0 -3553.0 416.0
160.0 -130.0 -3716.0 380.0
171.0 -140.0 -3658.0 384.0
171.0 -150.0 -3903.0 346.0
179.0 -149.0 -4161.0 306.0
199.0 -163.0 -3811.0 361.0
211.0 -170.0 -4131.0 322.0
226.0 -191.0 -4508.0 279.0
244.0 -204.0 -4581.0 282.0
263.0 -213.0 -4906.0 234.0
267.0 -215.0 -5166.0 184.0
281.0 -225.0 -5035.0 200.0
262.0 -247.0 -5339.0 148.0
274.0 -263.0 -5647.0 93.0
290.0 -265.0 -5224.0 151.0
291.0 -238.0 -5532.0 97.0
285.0 -264.0 -5861.0 40.0
303.0 -278.0 -5521.0 87.0
317.0 -271.0 -5843.0 31.0
338.0 -290.0 -6397.0 -29.0
356.0 -314.0 -5850.0 69.0
377.0 -319.0 -6137.0 9.0
394.0 -344.0 -6571.0 -53.0
401.0 -381.0 -6039.0 36.0
422.0 -421.0 -6495.0 -25.0
422.0 -476.0 -7088.0 -92.0
455.0 -527.0 -6427.0 13.0
469.0 -559.0 -6937.0 -51.0
488.0 -647.0 -6412.0 16.0
482.0 -631.0 -6478.0 -46.0
468.0 -672.0 -6798.0 -110.0
525.0 -856.0 -6666.0 -31.0
588.0 -1050.0 -7504.0 -99.0
608.0 -1155.0 -8022.0 -172.0
676.0 -1466.0 -7518.0 -90.0
712.0 -1637.0 -8091.0 -160.0
755.0 -1801.0 -8639.0 -234.0
877.0 -2335.0 -7756.0 -130.0
904.0 -2493.0 -8046.0 -194.0
